"country_code"	"name"	"2015-2020"	"2020-2025"	"2025-2030"	"2030-2035"	"2035-2040"	"2040-2045"	"2045-2050"	"2050-2055"	"2055-2060"	"2060-2065"	"2065-2070"	"2070-2075"	"2075-2080"	"2080-2085"	"2085-2090"	"2090-2095"	"2095-2100"
4	"Afghanistan"	66.8406	69.2236	71.2002	72.906	74.3287	75.5828	76.7165	77.7277	78.662	79.5719	80.3935	81.1899	81.9528	82.7038	83.3926	84.0957	84.7804
8	"Albania"	81.3116	82.312	83.2178	84.0834	84.8771	85.6528	86.4237	87.152	87.861	88.5878	89.2896	89.9713	90.6534	91.3536	92.0162	92.6747	93.3316
12	"Algeria"	78.4758	79.8462	81.0286	82.0794	83.0611	83.9596	84.8161	85.6323	86.4263	87.1831	87.9114	88.645	89.3391	90.0141	90.7234	91.4275	92.0952
24	"Angola"	65.6918	67.6574	69.3471	70.8863	72.289	73.5073	74.6397	75.658	76.6175	77.468	78.3183	79.0874	79.8404	80.5826	81.2814	81.9548	82.6162
28	"Antigua and Barbuda"	79.6773	80.657	81.5518	82.404	83.1936	83.9523	84.6955	85.3959	86.0869	86.7901	87.4706	88.1506	88.8435	89.5196	90.1915	90.8423	91.502
32	"Argentina"	81.1723	82.0887	82.9329	83.7277	84.474	85.2337	85.9265	86.6272	87.3262	88.0013	88.6775	89.3703	90.0577	90.7239	91.4074	92.0753	92.7407
51	"Armenia"	78.6198	79.6917	80.6629	81.5448	82.3696	83.1558	83.9116	84.6564	85.3742	86.0807	86.7822	87.4575	88.1184	88.7966	89.4613	90.1117	90.7762
533	"Aruba"	79.1729	80.1182	80.9571	81.7452	82.4923	83.1963	83.8793	84.5232	85.1916	85.8543	86.468	87.1054	87.7356	88.36	89.008	89.6292	90.2359
36	"Australia"	85.5771	86.4423	87.2396	88.0107	88.7547	89.4851	90.2048	90.9088	91.6283	92.3096	93.0182	93.6996	94.3965	95.0986	95.7789	96.4354	97.1158
40	"Austria"	84.7377	85.647	86.4852	87.2899	88.0648	88.8346	89.5614	90.2834	91.0011	91.7081	92.3998	93.0965	93.7746	94.4579	95.1258	95.8235	96.4788
31	"Azerbaijan"	75.9986	76.9612	77.8265	78.6146	79.4114	80.1595	80.8657	81.5634	82.2566	82.9269	83.5973	84.2733	84.9374	85.5919	86.2304	86.8761	87.5194
44	"Bahamas"	79.5356	80.5256	81.4316	82.2363	83.0346	83.7772	84.5246	85.2398	85.9329	86.6157	87.2899	87.9837	88.6568	89.332	89.9994	90.6519	91.3007
48	"Bahrain"	78.9509	79.9463	80.832	81.6472	82.4223	83.1724	83.8817	84.576	85.2684	85.9596	86.6448	87.3001	87.9515	88.5797	89.2255	89.8751	90.5021
50	"Bangladesh"	75.7127	77.6429	79.2402	80.6123	81.805	82.8993	83.8783	84.7897	85.6618	86.4875	87.2772	88.0398	88.7709	89.5313	90.2192	90.8873	91.5492
52	"Barbados"	79.1983	80.2017	81.0963	81.9472	82.7501	83.5266	84.2608	84.9778	85.6858	86.3736	87.0566	87.7532	88.4429	89.1032	89.7484	90.4177	91.0731
112	"Belarus"	79.177	80.2013	81.1073	81.937	82.7187	83.4564	84.1619	84.8746	85.5527	86.241	86.8967	87.5614	88.1933	88.855	89.5084	90.1443	90.7471
56	"Belgium"	84.2597	85.154	85.9735	86.7378	87.4921	88.242	88.9735	89.6758	90.3691	91.0722	91.7504	92.4287	93.0931	93.7658	94.4131	95.072	95.7176
84	"Belize"	74.6269	75.8827	76.9789	77.9673	78.8816	79.7291	80.5677	81.3531	82.0885	82.8131	83.5233	84.2127	84.8873	85.5704	86.2028	86.8655	87.4928
204	"Benin"	63.9882	65.781	67.3093	68.6438	69.8611	70.9593	71.9646	72.9288	73.798	74.6304	75.426	76.2136	76.9621	77.6719	78.3676	79.0733	79.764
64	"Bhutan"	72.2187	74.5072	76.3524	77.875	79.1811	80.3645	81.4346	82.3927	83.2746	84.1233	84.9475	85.7249	86.4482	87.1929	87.8989	88.5524	89.2421
68	"Bolivia (Plurinational State of)"	73.2166	75.3591	77.138	78.6175	79.9219	81.0348	82.0598	82.9815	83.8336	84.637	85.3927	86.1045	86.7963	87.4897	88.1298	88.7778	89.3967
70	"Bosnia and Herzegovina"	80.3462	81.403	82.3414	83.2247	84.043	84.8176	85.5631	86.307	87.009	87.7294	88.4249	89.1253	89.7979	90.4826	91.1526	91.814	92.4679
72	"Botswana"	71.5554	73.9792	75.7865	77.1882	78.3796	79.4704	80.4681	81.5303	82.57	83.5547	84.3413	85.0854	85.7651	86.444	87.0527	87.6868	88.298
76	"Brazil"	80.1357	81.3788	82.4502	83.4481	84.3551	85.2394	86.0642	86.8628	87.6379	88.3955	89.1251	89.8266	90.5535	91.2549	91.9494	92.6333	93.299
96	"Brunei Darussalam"	79.9002	80.8819	81.7836	82.6445	83.4202	84.1959	84.9125	85.6254	86.3322	87.0175	87.6931	88.3843	89.0328	89.7045	90.3514	91.0065	91.6415
100	"Bulgaria"	79.1252	80.0307	80.8291	81.5737	82.2857	82.9691	83.6417	84.3026	84.9275	85.5523	86.1844	86.8089	87.4028	88.0215	88.6229	89.217	89.8383
854	"Burkina Faso"	62.8177	65.6437	68.1938	70.429	72.333	74.0358	75.4811	76.7611	77.8861	78.9556	79.9196	80.7856	81.6451	82.4449	83.1797	83.9613	84.6504
108	"Burundi"	61.1956	63.6982	66.0728	68.2973	70.3201	72.162	73.7967	75.2873	76.6052	77.8149	78.8933	79.8566	80.8038	81.6609	82.482	83.2906	83.9867
132	"Cabo Verde"	75.9111	77.2607	78.4072	79.4801	80.4411	81.3361	82.2005	82.9929	83.7511	84.499	85.2192	85.9392	86.6318	87.2988	87.9753	88.6225	89.2891
116	"Cambodia"	72.4795	74.6115	76.383	77.9244	79.2629	80.3945	81.4482	82.4037	83.2707	84.0851	84.8576	85.5776	86.2722	86.9542	87.6365	88.2811	88.9212
120	"Cameroon"	61.0927	64.3949	67.3247	70.0273	72.4565	74.5209	76.4618	78.3773	80.0307	81.2693	82.4152	83.5112	84.5163	85.4743	86.3074	86.9982	87.6527
124	"Canada"	84.9889	85.856	86.6832	87.4634	88.2187	88.9343	89.6625	90.3761	91.0599	91.7351	92.4186	93.1007	93.7656	94.4378	95.103	95.7272	96.3823
140	"Central African Republic"	56.5451	60.1732	63.4824	66.6335	69.5268	72.0632	74.3731	76.4495	78.288	79.9995	81.3148	82.452	83.4882	84.4697	85.4247	86.2568	86.9849
148	"Chad"	55.749	58.066	60.3069	62.4873	64.5759	66.5854	68.4606	70.2643	71.8979	73.3787	74.7254	75.9592	77.0856	78.1544	79.0962	80.0055	80.8643
830	"Channel Islands"	83.5972	84.4338	85.2102	85.9573	86.6854	87.4025	88.1159	88.805	89.4955	90.1761	90.8561	91.5312	92.2135	92.8797	93.5193	94.2104	94.8572
152	"Chile"	82.8274	83.9063	84.852	85.72	86.5391	87.3296	88.1056	88.8553	89.5661	90.302	91.0121	91.6882	92.3795	93.0466	93.6985	94.3709	95.0233
156	"China"	78.8505	79.9164	80.8901	81.785	82.6145	83.4085	84.1706	84.9003	85.6151	86.338	86.9999	87.6894	88.3756	89.0417	89.7137	90.3619	91.0113
344	"China, Hong Kong SAR"	87.6925	88.6294	89.5062	90.3228	91.1264	91.904	92.6711	93.4055	94.1519	94.8816	95.5776	96.2914	97.0063	97.7067	98.3928	99.0862	99.7763
446	"China, Macao SAR"	87.5193	88.5018	89.3978	90.2611	91.0773	91.8713	92.6394	93.4168	94.1507	94.8763	95.6167	96.3104	97.019	97.732	98.4184	99.1226	99.7966
158	"China, Taiwan Province of China"	83.6019	84.5404	85.3922	86.1888	86.9808	87.7378	88.4793	89.1911	89.9031	90.614	91.3079	92.0049	92.686	93.3537	94.0158	94.7086	95.3689
170	"Colombia"	79.0065	80.1068	81.0908	81.9914	82.8557	83.6584	84.4302	85.1843	85.9029	86.6226	87.3177	88.0003	88.6862	89.3632	90.0384	90.7043	91.3686
174	"Comoros"	66.8008	68.4043	69.813	71.0591	72.1905	73.2653	74.2131	75.1229	76.0043	76.8123	77.5726	78.3032	79.0535	79.7885	80.4875	81.1569	81.8187
178	"Congo"	68.1606	70.911	73.2736	75.3952	77.2772	78.7778	80.0622	81.2471	82.3945	83.4492	84.4628	85.3404	86.0671	86.7349	87.4183	88.06	88.6976
188	"Costa Rica"	83.134	84.128	85.0231	85.8822	86.6797	87.4401	88.183	88.9246	89.6262	90.319	91.0019	91.6713	92.348	93.0121	93.6787	94.3339	94.9781
384	"C~A'te d'Ivoire"	57.1821	60.2658	63.0026	65.4111	67.5311	69.3465	70.9072	72.3404	73.6144	74.7666	75.8502	76.8458	77.8366	78.7915	79.6735	80.565	81.3909
191	"Croatia"	81.7387	82.6851	83.5433	84.3442	85.1043	85.8407	86.5589	87.2782	87.9772	88.6588	89.323	89.9934	90.6786	91.3261	91.9734	92.6267	93.2795
192	"Cuba"	82.6483	83.5924	84.4542	85.2723	86.045	86.8043	87.5364	88.2513	88.9641	89.6485	90.3182	91.0032	91.6888	92.3514	93.0189	93.6928	94.3367
531	"Cura~ASSao"	82.0648	83.0085	83.8789	84.6634	85.4223	86.1611	86.886	87.613	88.3008	88.9863	89.6719	90.3541	91.0236	91.6867	92.3468	93.0055	93.6461
196	"Cyprus"	83.4297	84.3216	85.1299	85.9077	86.6534	87.3906	88.1059	88.8195	89.5214	90.218	90.9018	91.5743	92.2421	92.9111	93.5697	94.2301	94.8937
203	"Czechia"	82.4066	83.2769	84.0812	84.8317	85.5742	86.2786	86.9694	87.6583	88.3352	89.0069	89.6703	90.336	90.9776	91.6363	92.3118	92.9572	93.6082
408	"Dem. People's Republic of Korea"	76.2249	77.6484	78.8489	79.893	80.883	81.7816	82.6349	83.4392	84.2006	84.9463	85.6547	86.3642	87.0849	87.7799	88.4547	89.1005	89.7585
180	"Democratic Republic of the Congo"	62.8706	65.6014	68.1834	70.4881	72.5678	74.4288	76.0817	77.4814	78.7631	79.8972	80.9011	81.8154	82.701	83.5305	84.2944	85.0552	85.774
208	"Denmark"	83.39	84.247	85.0404	85.7979	86.537	87.2461	87.9466	88.6425	89.3326	90.0235	90.6969	91.387	92.0378	92.6905	93.3642	94.0261	94.6771
262	"Djibouti"	65.4571	67.0209	68.4115	69.6686	70.8788	71.9929	73.0774	74.1265	75.064	75.9991	76.9061	77.8014	78.6628	79.5402	80.3856	81.2331	82.0498
214	"Dominican Republic"	78.1608	79.3224	80.3578	81.3112	82.1823	83.0242	83.8131	84.5866	85.3212	86.0615	86.75	87.4713	88.1568	88.8385	89.5219	90.1942	90.8341
218	"Ecuador"	80.1703	81.4126	82.492	83.4628	84.3704	85.2155	86.0205	86.8032	87.5829	88.3171	89.0376	89.746	90.4219	91.1186	91.7953	92.4743	93.147
818	"Egypt"	74.9677	76.216	77.3486	78.3597	79.2667	80.1218	80.9498	81.7574	82.5171	83.2502	83.9729	84.6641	85.3305	86.0056	86.6608	87.3753	88.0116
222	"El Salvador"	78.9982	80.3219	81.4699	82.4913	83.4528	84.3402	85.1882	85.9964	86.7789	87.5393	88.2701	88.989	89.6682	90.3959	91.0375	91.7562	92.3986
226	"Equatorial Guinea"	60.6326	63.2815	66.5681	69.8002	72.634	74.975	77.2242	79.1997	80.7322	82.123	83.4842	84.7227	85.8235	86.8025	87.7047	88.6146	89.4585
232	"Eritrea"	69.0825	71.7855	74.0785	76.0327	77.6444	79.0439	80.2951	81.3855	82.3929	83.3375	84.198	84.9943	85.7773	86.5063	87.24	87.9535	88.6285
233	"Estonia"	82.6309	83.6167	84.5041	85.3299	86.1288	86.8891	87.6448	88.3802	89.1014	89.803	90.495	91.1906	91.883	92.5723	93.2389	93.9095	94.5747
231	"Ethiopia"	68.9108	71.455	73.6173	75.4468	77.01	78.3506	79.5016	80.5538	81.5161	82.3939	83.1841	83.9473	84.6893	85.3738	86.0459	86.7028	87.3636
242	"Fiji"	74.5778	75.7214	76.7448	77.6516	78.5321	79.3572	80.1569	80.9036	81.6468	82.3676	83.0771	83.7872	84.4698	85.1082	85.7493	86.4193	87.0479
246	"Finland"	84.9131	85.8143	86.643	87.4346	88.2195	88.9619	89.6843	90.412	91.1249	91.807	92.5042	93.1972	93.8827	94.5857	95.2263	95.898	96.5503
250	"France"	86.2249	87.1315	87.9684	88.7723	89.5296	90.2655	91.0037	91.7378	92.4341	93.1434	93.8524	94.5322	95.2155	95.8853	96.5391	97.2416	97.9024
254	"French Guiana"	83.9888	84.9883	85.9292	86.7894	87.6315	88.4306	89.2247	89.988	90.7292	91.4585	92.1921	92.9052	93.6014	94.2857	94.9874	95.6697	96.3596
258	"French Polynesia"	80.1632	81.2865	82.2665	83.1822	84.0429	84.8677	85.6583	86.4277	87.1808	87.9316	88.6591	89.394	90.0794	90.7646	91.461	92.1121	92.799
266	"Gabon"	69.5199	71.4265	73.533	75.3799	76.9895	78.247	79.396	80.4315	81.4882	82.4643	83.3556	84.1083	84.8175	85.5055	86.1155	86.7264	87.3562
270	"Gambia"	64.0646	65.6993	67.094	68.3358	69.4298	70.4198	71.396	72.2511	73.0959	73.9242	74.6901	75.4309	76.1576	76.8645	77.5498	78.2706	78.9443
268	"Georgia"	78.4808	79.4976	80.4105	81.2403	82.0548	82.8069	83.5426	84.2645	84.963	85.6446	86.344	87.0073	87.6772	88.3503	89.0015	89.6531	90.2896
276	"Germany"	84.1515	85.0171	85.8215	86.6085	87.3587	88.0971	88.8228	89.5379	90.2236	90.9193	91.6104	92.3007	92.9721	93.6238	94.3005	94.9758	95.6281
288	"Ghana"	65.3098	67.3603	69.2267	70.9039	72.415	73.7969	75.0277	76.1436	77.177	78.1585	79.0365	79.9223	80.7327	81.5092	82.2489	82.9495	83.6744
300	"Greece"	84.5691	85.4577	86.2885	87.0735	87.8334	88.5802	89.3101	90.0212	90.7362	91.4309	92.1259	92.8057	93.4955	94.1789	94.8528	95.5105	96.1669
308	"Grenada"	77.1092	78.1302	79.0442	79.897	80.6941	81.4664	82.2092	82.9288	83.6438	84.3295	85.0113	85.6672	86.3448	87.0179	87.6756	88.3344	88.9764
312	"Guadeloupe"	85.3913	86.4459	87.4125	88.2986	89.1582	89.9771	90.7722	91.5446	92.3087	93.054	93.7678	94.4947	95.194	95.8957	96.6048	97.2711	97.9538
316	"Guam"	82.9062	83.9071	84.8165	85.6915	86.5277	87.3319	88.0985	88.8714	89.6074	90.3459	91.0492	91.7514	92.4662	93.1498	93.853	94.5263	95.2024
320	"Guatemala"	77.7639	79.2654	80.5502	81.6788	82.6845	83.6412	84.5317	85.3603	86.1672	86.9436	87.7093	88.4467	89.1639	89.8521	90.5728	91.2523	91.9313
324	"Guinea"	62.7774	66.3802	69.5862	72.3123	74.5669	76.4207	78.0059	79.3249	80.5136	81.5713	82.5713	83.4715	84.2906	85.0958	85.8477	86.5816	87.26
624	"Guinea-Bissau"	60.9255	63.5485	65.9721	68.1957	70.2274	72.0726	73.7186	75.1945	76.528	77.6934	78.7451	79.7215	80.6422	81.4893	82.3114	83.0984	83.8587
328	"Guyana"	70.1775	71.2171	72.1363	73.0534	73.8979	74.6914	75.4825	76.2459	77.0028	77.7568	78.4875	79.2157	79.9549	80.6859	81.4085	82.1347	82.8566
332	"Haiti"	67.0121	68.9061	70.616	72.0958	73.4451	74.6663	75.773	76.7868	77.7418	78.614	79.4822	80.2913	81.0279	81.7758	82.5007	83.2008	83.8811
340	"Honduras"	77.2676	78.5281	79.6234	80.6027	81.4891	82.3493	83.1461	83.9375	84.6599	85.3751	86.0955	86.7782	87.4584	88.1387	88.7905	89.4705	90.113
348	"Hungary"	80.171	81.0676	81.8818	82.6323	83.3551	84.064	84.7693	85.4263	86.0767	86.7457	87.4094	88.044	88.7119	89.3622	89.9927	90.6322	91.2805
352	"Iceland"	84.9693	85.8125	86.6059	87.3545	88.073	88.7731	89.4651	90.1482	90.8193	91.494	92.1738	92.8144	93.4596	94.1143	94.7529	95.395	96.0429
356	"India"	71.535	73.2903	74.7467	76.0157	77.1924	78.2538	79.234	80.1558	81.0259	81.8469	82.6235	83.36	84.0784	84.7857	85.4806	86.1692	86.8182
360	"Indonesia"	72.5743	73.8079	74.9034	75.9058	76.8174	77.6921	78.5234	79.3012	80.0544	80.7782	81.5188	82.1958	82.8937	83.5519	84.2141	84.8554	85.4992
364	"Iran (Islamic Republic of)"	78.239	79.6286	80.8437	81.9179	82.9252	83.8306	84.6968	85.5303	86.3407	87.0908	87.8425	88.595	89.3013	90.0133	90.6961	91.3903	92.0728
368	"Iraq"	73.3637	74.6228	75.7166	76.6888	77.5928	78.4575	79.2591	80.0365	80.7944	81.5249	82.2175	82.9041	83.6055	84.2933	84.9312	85.5849	86.2286
372	"Ireland"	84.2361	85.1316	85.9689	86.7784	87.5564	88.3147	89.057	89.7863	90.4956	91.1913	91.8972	92.5897	93.2484	93.941	94.6003	95.293	95.9631
376	"Israel"	84.8657	85.7372	86.556	87.3344	88.0837	88.8261	89.5517	90.2732	90.9822	91.7048	92.3829	93.0862	93.7602	94.4499	95.1461	95.8229	96.4977
380	"Italy"	85.9217	86.8315	87.6832	88.4891	89.2577	90.0157	90.763	91.4734	92.2018	92.9126	93.6093	94.3041	95.0027	95.6657	96.3636	97.0152	97.6526
388	"Jamaica"	79.3058	80.2458	81.075	81.8568	82.6104	83.3308	84.0425	84.7221	85.405	86.0731	86.7236	87.3604	88.0214	88.6731	89.3086	89.9487	90.5789
392	"Japan"	87.7319	88.6747	89.527	90.3449	91.1204	91.8762	92.6418	93.3632	94.0858	94.7954	95.5003	96.2176	96.895	97.5703	98.2454	98.9164	99.6017
400	"Jordan"	77.1267	78.2041	79.1576	80.0289	80.8592	81.6642	82.4119	83.148	83.83	84.5276	85.213	85.8798	86.534	87.1718	87.8294	88.4474	89.1131
398	"Kazakhstan"	75.7115	76.9587	78.0473	79.0508	79.9701	80.8519	81.6859	82.4584	83.2453	83.98	84.6886	85.3887	86.0612	86.7841	87.4619	88.1087	88.7914
404	"Kenya"	70.8497	72.6259	74.4052	76.0646	77.4533	78.6458	79.7917	80.9275	81.9641	82.8974	83.7728	84.519	85.1812	85.8815	86.4889	87.1686	87.778
296	"Kiribati"	70.8926	72.2307	73.3922	74.4655	75.4607	76.3747	77.212	78.0462	78.8382	79.604	80.3446	81.065	81.7762	82.4498	83.1165	83.7667	84.4382
414	"Kuwait"	77.001	77.9996	78.881	79.6936	80.4709	81.2095	81.9174	82.6103	83.2768	83.9406	84.5919	85.2319	85.8797	86.5129	87.1183	87.7463	88.3799
417	"Kyrgyzstan"	75.9507	77.0645	78.0651	78.9693	79.841	80.6704	81.4451	82.2106	82.9517	83.6845	84.3813	85.0637	85.736	86.3976	87.0688	87.7434	88.3789
418	"Lao People's Democratic Republic"	69.7589	71.9413	73.8298	75.4666	76.9076	78.1749	79.3112	80.336	81.2895	82.1408	82.9526	83.7119	84.4129	85.1329	85.823	86.4877	87.1031
428	"Latvia"	80.0985	81.0319	81.8609	82.6557	83.4001	84.1114	84.8095	85.4949	86.1698	86.8143	87.4575	88.1058	88.7674	89.3967	90.0006	90.6404	91.2703
422	"Lebanon"	82.2901	83.2753	84.1786	85.0276	85.8389	86.6177	87.3838	88.1331	88.8683	89.5933	90.3086	91.0153	91.7301	92.4232	93.096	93.7704	94.4358
426	"Lesotho"	57.9733	60.0191	62.5824	65.3157	68.2401	71.0622	73.685	75.6844	77.3288	78.7804	80.1751	81.4466	82.6077	83.5657	84.5321	85.4226	86.2971
430	"Liberia"	65.4599	68.5608	71.2944	73.6575	75.6226	77.3183	78.7307	80.0097	81.1042	82.1373	83.0686	83.9152	84.728	85.4801	86.2311	86.9295	87.6539
434	"Libya"	76.0663	77.1618	78.1119	78.9872	79.8027	80.5921	81.357	82.0811	82.7572	83.4497	84.0966	84.7656	85.4265	86.0901	86.7424	87.3628	87.9997
440	"Lithuania"	80.6551	81.5393	82.3332	83.0672	83.7757	84.45	85.1173	85.7607	86.4014	87.0346	87.6662	88.2968	88.9118	89.5313	90.1368	90.7614	91.3615
442	"Luxembourg"	84.7049	85.6052	86.4466	87.238	87.9982	88.7436	89.4663	90.1689	90.8791	91.5713	92.2696	92.9746	93.6429	94.3356	95.006	95.6634	96.3358
450	"Madagascar"	69.1667	71.5997	73.6471	75.3864	76.9195	78.2459	79.4159	80.4957	81.4711	82.3925	83.2393	84.0368	84.8094	85.5585	86.2907	86.9494	87.6545
454	"Malawi"	67.592	69.9512	72.7281	75.1726	77.206	78.8095	80.2086	81.4786	82.6126	83.6677	84.6175	85.3884	86.0895	86.786	87.4144	88.0392	88.6769
458	"Malaysia"	78.6655	79.7064	80.6466	81.5358	82.3352	83.1119	83.8701	84.5971	85.3016	86.0223	86.6922	87.3743	88.0325	88.7164	89.3766	90.0333	90.6855
462	"Maldives"	79.8166	81.3797	82.692	83.8145	84.8141	85.7388	86.5895	87.4033	88.184	88.9257	89.6574	90.3781	91.0584	91.7324	92.4204	93.0744	93.7182
466	"Mali"	60.7348	63.8116	66.5717	68.9812	71.101	72.8948	74.4657	75.8232	77.04	78.0557	79.06	79.9217	80.7981	81.603	82.3606	83.0821	83.7953
470	"Malta"	83.2596	84.1507	84.9674	85.7346	86.4959	87.2479	87.964	88.6885	89.3848	90.0835	90.7597	91.4515	92.1041	92.7835	93.4511	94.1125	94.8093
474	"Martinique"	85.776	86.8071	87.7517	88.6436	89.4818	90.2951	91.0709	91.8527	92.596	93.3259	94.0562	94.7521	95.4765	96.1852	96.8762	97.5487	98.2385
478	"Mauritania"	65.974	67.1637	68.2768	69.2298	70.1305	70.9986	71.8148	72.5828	73.3402	74.0899	74.8099	75.5428	76.2071	76.8753	77.5413	78.1827	78.8519
480	"Mauritius"	79.1805	80.1508	81.0154	81.835	82.6015	83.3452	84.0662	84.7672	85.4519	86.1596	86.8224	87.4873	88.1432	88.804	89.4677	90.1109	90.75
175	"Mayotte"	84.3363	85.3643	86.3161	87.218	88.0669	88.8839	89.6822	90.4321	91.1892	91.9289	92.6408	93.3596	94.0569	94.7602	95.4634	96.1264	96.8007
484	"Mexico"	80.4958	81.5802	82.5431	83.4374	84.273	85.0903	85.8492	86.6125	87.3429	88.0666	88.7639	89.4749	90.1497	90.837	91.5245	92.1857	92.8269
583	"Micronesia (Fed. States of)"	71.4871	72.5422	73.4986	74.3341	75.1744	75.9753	76.7321	77.4768	78.1452	78.8628	79.5542	80.2079	80.8568	81.504	82.1444	82.7846	83.4155
496	"Mongolia"	74.7108	76.1357	77.3987	78.5139	79.5363	80.503	81.3948	82.2574	83.0673	83.8497	84.5928	85.3222	86.0411	86.7056	87.383	88.0516	88.7285
499	"Montenegro"	80.3418	81.4075	82.3462	83.2027	83.9969	84.7688	85.5197	86.2428	86.9457	87.629	88.2887	88.9709	89.6171	90.2663	90.9304	91.5508	92.1827
504	"Morocco"	78.1499	79.6718	80.9678	82.1048	83.1315	84.0727	84.9456	85.7801	86.579	87.3725	88.133	88.8568	89.5786	90.2714	90.9605	91.6402	92.3265
508	"Mozambique"	62.5488	65.1875	67.7697	70.1701	72.3056	74.166	75.8684	77.709	79.2217	80.5152	81.6461	82.7954	83.7725	84.7029	85.4737	86.1819	86.8634
104	"Myanmar"	70.0482	71.2328	72.2649	73.2298	74.134	74.9801	75.797	76.5841	77.3513	78.0927	78.8182	79.533	80.2291	80.8961	81.5779	82.2215	82.908
516	"Namibia"	69.0093	70.5591	72.3546	74.0622	75.728	77.2883	78.7959	80.1752	81.303	82.3259	83.2251	84.0174	84.8164	85.5865	86.3365	87.0981	87.8438
524	"Nepal"	73.4859	75.5574	77.2428	78.671	79.9119	81.0039	82.015	82.9455	83.8025	84.6323	85.4178	86.1719	86.9002	87.627	88.3452	89.034	89.7025
528	"Netherlands"	84.3396	85.1832	85.968	86.7002	87.4172	88.1311	88.8157	89.4854	90.1726	90.8146	91.4672	92.1184	92.7757	93.4004	94.0338	94.6836	95.3151
540	"New Caledonia"	80.8475	81.9207	82.888	83.7733	84.6169	85.4021	86.1803	86.9301	87.6563	88.3773	89.082	89.778	90.4752	91.155	91.816	92.4894	93.1364
554	"New Zealand"	84.3042	85.1509	85.9367	86.6896	87.428	88.1579	88.8721	89.5738	90.2803	90.9666	91.655	92.3537	93.0269	93.7176	94.3757	95.0524	95.7434
558	"Nicaragua"	79.502	80.9108	82.1103	83.1843	84.1833	85.1	85.9763	86.8231	87.6093	88.3941	89.1176	89.8653	90.5965	91.2944	91.9827	92.6763	93.3498
562	"Niger"	62.6649	65.0543	67.22	69.1217	70.8512	72.4122	73.7971	75.0108	76.1037	77.1197	78.0704	78.9404	79.7674	80.5471	81.299	81.994	82.6842
566	"Nigeria"	56.1821	59.1749	62.0176	64.7743	67.2997	69.6498	71.7624	73.5784	75.1713	76.5866	77.8298	78.977	80.0014	80.9399	81.8691	82.6831	83.4671
578	"Norway"	84.8279	85.671	86.4574	87.2056	87.9404	88.6391	89.3546	90.0632	90.7327	91.4078	92.0855	92.7319	93.4103	94.0825	94.7194	95.3597	96.0092
512	"Oman"	80.5468	81.828	82.9604	83.9658	84.9088	85.8052	86.6394	87.4623	88.2408	89.0202	89.7541	90.4702	91.1798	91.8796	92.5882	93.2583	93.9371
586	"Pakistan"	68.6993	69.9735	71.1236	72.2	73.2203	74.2291	75.1672	76.1135	77.0199	77.9057	78.8171	79.7066	80.5878	81.4452	82.3024	83.1442	83.9821
591	"Panama"	81.9629	83.0029	83.9358	84.7973	85.6201	86.3946	87.1505	87.8985	88.6395	89.3565	90.0391	90.7532	91.4454	92.1192	92.7682	93.4386	94.0956
598	"Papua New Guinea"	69.2938	70.5199	71.5713	72.5334	73.4611	74.3424	75.1258	75.8963	76.6375	77.3577	78.0701	78.7896	79.4716	80.1227	80.7887	81.4408	82.0943
600	"Paraguay"	76.3227	77.2368	78.0811	78.8783	79.6312	80.3498	81.0642	81.7492	82.4057	83.0729	83.7497	84.4044	85.056	85.7051	86.333	86.9727	87.6444
604	"Peru"	78.8042	80.1672	81.3364	82.3864	83.3597	84.2605	85.0909	85.9242	86.6944	87.4476	88.1808	88.9025	89.6045	90.3051	91.0088	91.6931	92.349
608	"Philippines"	73.7753	74.8827	75.8696	76.7737	77.65	78.4594	79.2309	79.9746	80.7067	81.4405	82.1357	82.8024	83.4594	84.1527	84.818	85.45	86.0954
616	"Poland"	82.2712	83.18	83.9822	84.7622	85.5161	86.2401	86.9569	87.6369	88.3238	89.0035	89.6816	90.3492	91.0141	91.659	92.3212	92.9963	93.6394
620	"Portugal"	84.8594	85.8291	86.7096	87.5601	88.3601	89.1397	89.9034	90.6542	91.4091	92.127	92.8515	93.5406	94.2165	94.9263	95.607	96.2854	96.9588
630	"Puerto Rico"	84.4583	85.3798	86.2432	87.0347	87.8294	88.5831	89.3237	90.0364	90.7593	91.4593	92.1607	92.8308	93.5348	94.2175	94.8827	95.537	96.196
634	"Qatar"	80.7954	81.7711	82.6516	83.4832	84.2362	84.9647	85.7113	86.4181	87.133	87.8187	88.4842	89.1561	89.8024	90.4553	91.1041	91.7707	92.4011
410	"Republic of Korea"	85.905	87.0149	88.0091	88.9457	89.8207	90.6803	91.5079	92.2902	93.0715	93.8354	94.5936	95.3266	96.0537	96.7687	97.4584	98.1613	98.8404
498	"Republic of Moldova"	76.7305	77.7503	78.6408	79.5011	80.2757	81.0632	81.8125	82.5222	83.2385	83.9224	84.5872	85.2545	85.9297	86.5836	87.2172	87.8874	88.5338
638	"R~A(c)union"	84.3325	85.3687	86.3052	87.1883	88.0371	88.8485	89.6302	90.4084	91.1686	91.8915	92.626	93.3378	94.0278	94.7284	95.3987	96.0731	96.759
642	"Romania"	79.7613	80.7083	81.5549	82.3451	83.122	83.8618	84.5695	85.2612	85.9349	86.6077	87.275	87.9407	88.609	89.2702	89.928	90.5494	91.2162
643	"Russian Federation"	77.5343	78.6047	79.5422	80.3913	81.1793	81.9344	82.6659	83.352	84.0424	84.7201	85.3549	86.0013	86.6448	87.2848	87.9139	88.5321	89.1871
646	"Rwanda"	70.9486	72.9048	74.5727	75.9971	77.2387	78.1888	79.0185	79.9463	80.8941	81.8176	82.6888	83.4077	84.0776	84.7044	85.3488	85.9736	86.6086
662	"Saint Lucia"	79.2668	80.4241	81.4432	82.3747	83.2358	84.0614	84.8558	85.6297	86.372	87.0964	87.8017	88.5158	89.2177	89.8727	90.5483	91.2327	91.8899
670	"Saint Vincent and the Grenadines"	76.4232	77.3802	78.249	79.0595	79.8229	80.5497	81.2656	81.9722	82.6444	83.3071	83.9642	84.6056	85.2305	85.8503	86.4904	87.1201	87.7253
882	"Samoa"	79.3072	80.6361	81.8267	82.8734	83.8363	84.7162	85.5626	86.3583	87.1608	87.9169	88.6553	89.3929	90.0979	90.8104	91.5096	92.1919	92.8557
678	"Sao Tome and Principe"	69.9106	71.0507	72.0457	72.9784	73.8301	74.6295	75.4352	76.1689	76.8923	77.6146	78.3154	79.0105	79.6741	80.3463	81.0011	81.664	82.3171
682	"Saudi Arabia"	77.3896	78.5714	79.5481	80.466	81.3131	82.1189	82.9072	83.6636	84.3577	85.0486	85.7149	86.3844	87.0463	87.6862	88.349	88.9789	89.6186
686	"Senegal"	70.672	72.918	74.7618	76.3314	77.6615	78.8826	79.9328	80.9179	81.8547	82.721	83.5253	84.3533	85.0783	85.7753	86.4756	87.1652	87.8498
688	"Serbia"	78.9415	79.9049	80.7705	81.5786	82.3524	83.0896	83.803	84.4966	85.1711	85.8308	86.4973	87.1634	87.8299	88.4735	89.1055	89.7568	90.3905
690	"Seychelles"	79.3861	80.3803	81.2629	82.0716	82.8593	83.5971	84.3176	85.0146	85.6983	86.3609	87.0329	87.6973	88.3555	89.0158	89.6508	90.2848	90.9239
694	"Sierra Leone"	54.145	56.7675	59.0974	61.2499	63.2102	65.007	66.5834	68.0323	69.3341	70.5008	71.5998	72.6013	73.5328	74.3954	75.2287	75.9993	76.7434
702	"Singapore"	85.8189	86.7516	87.6275	88.4735	89.2745	90.0377	90.7937	91.5601	92.2827	93.0063	93.7137	94.4309	95.111	95.8159	96.5151	97.1874	97.8603
703	"Slovakia"	81.1008	81.9526	82.7329	83.4936	84.217	84.9177	85.5836	86.2447	86.904	87.5672	88.2045	88.8423	89.4651	90.1141	90.7643	91.4025	92.0333
705	"Slovenia"	84.4907	85.3759	86.2172	86.9992	87.768	88.5203	89.2578	89.9804	90.7007	91.3922	92.0802	92.7726	93.4533	94.1345	94.8301	95.5007	96.1822
90	"Solomon Islands"	73.7307	75.5864	77.1287	78.4758	79.6564	80.7096	81.669	82.5323	83.3364	84.1234	84.8439	85.5308	86.22	86.8803	87.5145	88.1315	88.7595
706	"Somalia"	59.8672	62.5457	65.0232	67.3413	69.4139	71.2901	72.9136	74.3925	75.6984	76.8804	77.9312	78.9709	79.8521	80.6942	81.5225	82.296	83.0256
710	"South Africa"	68.3303	69.9053	71.3784	72.7579	74.0834	75.4388	76.7414	78.1471	79.527	80.7971	81.8696	82.8747	83.8611	84.7209	85.6126	86.4386	87.247
728	"South Sudan"	59.813	62.8896	65.7493	68.3501	70.649	72.6365	74.3842	75.8553	77.1635	78.2919	79.3742	80.3372	81.2271	82.0504	82.8507	83.6158	84.3388
724	"Spain"	86.5917	87.5283	88.3828	89.1977	89.9774	90.7443	91.4867	92.2357	92.9508	93.6438	94.351	95.0243	95.7384	96.4142	97.1029	97.7753	98.4458
144	"Sri Lanka"	79.6659	80.7899	81.7902	82.7009	83.5604	84.3696	85.1392	85.8992	86.6343	87.3514	88.0405	88.757	89.4258	90.1121	90.7783	91.4534	92.1173
275	"State of Palestine"	76.5648	77.779	78.8425	79.8118	80.696	81.546	82.3357	83.1264	83.8666	84.5609	85.2522	85.9372	86.6118	87.2685	87.922	88.6048	89.2171
729	"Sudan"	67.4606	69.1748	70.7048	72.1117	73.41	74.6374	75.7444	76.7782	77.7542	78.6529	79.4615	80.2718	81.0609	81.7923	82.516	83.2404	83.9109
740	"Suriname"	75.7201	76.7289	77.6456	78.5177	79.3137	80.0729	80.7982	81.5302	82.1933	82.8856	83.5871	84.2303	84.8637	85.5061	86.1641	86.8142	87.4502
748	"Swaziland"	62.5403	64.3944	66.3118	68.3582	70.4405	72.4395	74.2621	75.9255	77.5193	79.017	80.431	81.7128	82.7583	83.7304	84.6603	85.5762	86.3783
752	"Sweden"	84.9342	85.7884	86.5921	87.3583	88.1003	88.829	89.5531	90.2677	90.9363	91.615	92.2869	92.9776	93.6512	94.291	94.9772	95.6301	96.2662
756	"Switzerland"	85.961	86.8437	87.6639	88.443	89.2095	89.9541	90.6733	91.3992	92.1008	92.7834	93.4901	94.1813	94.8472	95.5378	96.2074	96.8738	97.5375
760	"Syrian Arab Republic"	78.4684	80.2044	81.2589	82.2047	83.0821	83.8876	84.6364	85.3722	86.0778	86.7499	87.4401	88.0688	88.7049	89.3586	89.9552	90.5784	91.2118
762	"Tajikistan"	75.3031	76.5342	77.6587	78.6613	79.6273	80.4987	81.3407	82.1461	82.9224	83.659	84.3793	85.0907	85.8019	86.4682	87.1454	87.824	88.4943
807	"TFYR Macedonia"	78.7169	79.7634	80.6835	81.5423	82.3548	83.1649	83.9033	84.6336	85.3304	86.0478	86.7455	87.4121	88.0835	88.7395	89.4231	90.0662	90.7298
764	"Thailand"	80.0649	81.1933	82.1999	83.1158	83.983	84.808	85.6067	86.3714	87.1107	87.842	88.5684	89.2657	89.9685	90.6312	91.2986	91.9921	92.6616
626	"Timor-Leste"	72.2578	74.1314	75.6405	76.9493	78.1148	79.1267	80.0552	80.9011	81.7272	82.5085	83.2337	83.9366	84.6136	85.2705	85.9228	86.5717	87.2099
768	"Togo"	62.5963	64.6202	66.3758	67.915	69.2936	70.4795	71.5965	72.5994	73.4792	74.3851	75.2403	76.022	76.7882	77.5052	78.245	78.9429	79.5973
776	"Tonga"	77.0804	78.1128	79.0297	79.8822	80.7094	81.4898	82.2353	82.9766	83.7066	84.3872	85.0605	85.7512	86.4174	87.0803	87.7313	88.362	89.0189
780	"Trinidad and Tobago"	75.3291	76.2879	77.1471	77.9433	78.7073	79.4221	80.1497	80.8308	81.4987	82.1583	82.7979	83.4327	84.0556	84.7049	85.3233	85.9162	86.5599
788	"Tunisia"	78.9121	80.1093	81.1337	82.069	82.9342	83.742	84.5181	85.2573	85.9651	86.6791	87.3593	88.0243	88.6821	89.3429	89.9901	90.6366	91.2872
792	"Turkey"	80.0949	81.4539	82.6443	83.7038	84.6681	85.5794	86.4286	87.2455	88.0301	88.8001	89.5586	90.2881	91.0057	91.6914	92.3726	93.0686	93.7641
795	"Turkmenistan"	72.3859	73.469	74.4238	75.3141	76.1498	76.9489	77.7264	78.4571	79.1966	79.9175	80.6081	81.2826	81.9411	82.608	83.2528	83.9127	84.5586
800	"Uganda"	63.679	65.9586	68.4167	70.7863	72.8714	74.7006	76.3416	77.7678	78.8756	79.8229	80.7154	81.5333	82.3071	83.0542	83.7654	84.474	85.0902
804	"Ukraine"	77.7262	78.8525	79.8063	80.6925	81.5214	82.2898	83.0475	83.7755	84.479	85.1706	85.825	86.5045	87.162	87.7997	88.439	89.0635	89.686
784	"United Arab Emirates"	79.7248	80.742	81.6706	82.5329	83.3324	84.1142	84.8568	85.5913	86.2866	87.0171	87.7048	88.3922	89.0603	89.7213	90.3889	91.0479	91.7057
826	"United Kingdom"	84.0606	84.9199	85.7271	86.4992	87.2664	87.9961	88.7026	89.427	90.1172	90.8116	91.4779	92.1747	92.8342	93.5218	94.1802	94.8221	95.4873
834	"United Republic of Tanzania"	69.4769	71.4746	73.2478	74.9227	76.4234	77.6993	78.8603	79.9893	81.0324	82.0235	82.9391	83.7271	84.383	85.0298	85.656	86.2676	86.862
840	"United States of America"	82.5151	83.3717	84.1616	84.9201	85.6491	86.3382	87.0465	87.7213	88.382	89.0504	89.6991	90.3418	90.9981	91.6413	92.2905	92.9488	93.5677
850	"United States Virgin Islands"	82.8652	83.8091	84.6569	85.4757	86.2519	87.0198	87.7585	88.4945	89.1988	89.9142	90.6147	91.284	91.9738	92.6565	93.3545	94.0148	94.6903
858	"Uruguay"	81.7055	82.5786	83.3827	84.1257	84.8558	85.5653	86.2627	86.9582	87.6434	88.3203	88.9984	89.6746	90.3558	91.015	91.6639	92.326	92.9931
860	"Uzbekistan"	75.1014	76.1263	77.0706	77.9205	78.7362	79.5111	80.2637	80.995	81.7304	82.41	83.0919	83.7656	84.4265	85.0906	85.7445	86.3779	87.0248
548	"Vanuatu"	75.6447	77.0413	78.253	79.342	80.3503	81.2854	82.1236	82.9689	83.7665	84.5161	85.2698	85.9856	86.69	87.3814	88.0669	88.744	89.4051
862	"Venezuela (Bolivarian Republic of)"	79.7223	80.7332	81.6355	82.477	83.2888	84.0593	84.7941	85.5132	86.2096	86.8938	87.601	88.2831	88.9379	89.6178	90.2829	90.9465	91.5785
704	"Viet Nam"	81.792	82.8244	83.7513	84.6121	85.4326	86.2213	86.9926	87.731	88.4477	89.1601	89.8763	90.5737	91.2464	91.9363	92.62	93.27	93.9195
732	"Western Sahara"	72.9038	74.7083	76.2295	77.543	78.7239	79.7735	80.7399	81.6511	82.513	83.294	84.0889	84.8449	85.5786	86.2939	86.9672	87.6505	88.2997
887	"Yemen"	67.7396	69.1796	70.4494	71.6112	72.6906	73.6869	74.6767	75.6192	76.5464	77.4287	78.2926	79.1303	79.9844	80.8227	81.6493	82.5019	83.3166
894	"Zambia"	66.4156	69.1074	71.4581	73.5511	75.4634	77.1254	78.6248	79.9307	81.2373	82.3903	83.5062	84.5663	85.4669	86.2224	86.9521	87.6374	88.2452
716	"Zimbabwe"	64.9025	66.2438	68.3436	70.4547	72.5569	74.4363	76.3975	78.0999	79.5529	80.8664	82.0341	83.1321	84.1143	84.9484	85.7572	86.5011	87.2165
