"country_code"	"name"	"2015-2020"	"2020-2025"	"2025-2030"	"2030-2035"	"2035-2040"	"2040-2045"	"2045-2050"	"2050-2055"	"2055-2060"	"2060-2065"	"2065-2070"	"2070-2075"	"2075-2080"	"2080-2085"	"2085-2090"	"2090-2095"	"2095-2100"
900	"WORLD"	74.2915198538164	75.2922321988679	76.2119076760379	77.0708059219382	77.8514931432097	78.5843381470622	79.2698424543937	79.9169041714912	80.5201685057578	81.085079177913	81.6290922328538	82.1428643424753	82.6493807824553	83.1530365131678	83.6435145692903	84.1233104744355	84.6027432934472
901	"More developed regions"	82.293368907756	83.0175641493229	83.7080942449653	84.3553094001617	84.9656129281502	85.5725438378748	86.1674840010128	86.759414938976	87.3295271759282	87.8953148590832	88.4732013552844	89.0550257626001	89.6465517749245	90.2282261324899	90.7871473014421	91.3231937943851	91.8678382162549
902	"Less developed regions"	72.4000993464902	73.5153417787432	74.5517203352156	75.53556572455	76.4371591438018	77.2777239627365	78.0511475091517	78.7663036517267	79.4235555104805	80.0317655238612	80.6125355652723	81.1540598961939	81.675185498174	82.1862741016781	82.6837416902128	83.1731907982415	83.6616363535541
941	"Least developed countries"	66.3141871523059	67.9472049373166	69.4299694551246	70.7963736663047	72.051449824505	73.225363401382	74.3276831768464	75.353485765789	76.2776362090238	77.1036490915454	77.8599633023003	78.5452189193628	79.1707131890187	79.7588438796449	80.3194196171555	80.8638643419236	81.3909643448123
934	"Less developed regions, excluding least developed countries"	73.6964950263452	74.7304939877452	75.6953424347795	76.6105719418338	77.4528443879558	78.2445243893188	78.9815288747365	79.6724759748659	80.3140965078789	80.9164750495832	81.4986521780932	82.047055358045	82.5832733460948	83.1118361327232	83.6253885353102	84.1270112097876	84.6330744695382
948	"Less developed regions, excluding China"	70.9715462454354	72.2076717917255	73.3451606380783	74.4112508744437	75.3856963371884	76.2987305436614	77.1406323287154	77.9235954471821	78.6375265736792	79.289173470274	79.9064949137813	80.4809874628576	81.0313781253492	81.5678382275244	82.0834694849623	82.5827169318324	83.0821516223039
1503	"High-income countries"	83.7428300160334	84.4010609900624	85.0305213190949	85.6361343285329	86.2112904378797	86.7737417833255	87.3214887233802	87.8736607246245	88.4170823268244	88.9631325471462	89.509839911677	90.0441619186106	90.581013068407	91.1224536693541	91.6660593350021	92.203508453052	92.7428635001189
1517	"Middle-income countries"	73.3429569421687	74.3760242016898	75.3327510112585	76.2380732502576	77.0762157838629	77.8685376713651	78.6099690029958	79.3070131424187	79.9570035706088	80.5643575177947	81.1477728496612	81.6985831638687	82.2380100437901	82.7691789280003	83.2850859918531	83.7878701770756	84.2905008828272
1502	"Upper-middle-income countries"	77.7697660621664	78.6017770906712	79.384765790848	80.1288222723024	80.8360080705287	81.5377157997884	82.2158124402656	82.8745678665305	83.5234840268589	84.1594034062189	84.7757143794709	85.3742716763007	85.9749093869906	86.5639256150595	87.1303920295731	87.6860739387841	88.2198152795774
1501	"Lower-middle-income countries"	69.8361629655456	71.0473404539712	72.1552726108888	73.1871311206498	74.1361058889409	75.0479283927657	75.9106556748838	76.7292570102461	77.4918877391096	78.1986486728569	78.8740025059361	79.5042546177141	80.1087377524898	80.6950991464636	81.2543154034959	81.7860338459516	82.3254674478885
1500	"Low-income countries"	64.6357718442043	66.4298525580331	68.1024561876252	69.6466421679013	71.0285224631825	72.2708834812995	73.4029277389187	74.4504231813008	75.3951375727825	76.2516541290021	77.0532989511529	77.7928768803221	78.480392996294	79.135305883931	79.7588758634773	80.3653504222268	80.949127090567
947	"Sub-Saharan Africa"	62.0950145445231	64.0141155921408	65.8391508706833	67.5451635876647	69.0958684962712	70.4942449908775	71.7820385248127	72.9857499858431	74.0821198881673	75.0652672466786	75.9687601049929	76.7864611519497	77.5394252854513	78.2534595236218	78.9181402779549	79.5490421882817	80.1577229314662
903	"AFRICA"	64.2017548833501	65.9460982131414	67.611145064766	69.1826641217434	70.6192610265482	71.9092365592648	73.0897681660232	74.1856936182022	75.1755460409747	76.057239832705	76.8654357735822	77.5945404238788	78.2730575995795	78.9267100178467	79.5442677292999	80.1397719506675	80.7169584690446
910	"Eastern Africa"	65.9640406018286	67.6256158508453	69.2425013928136	70.7641588284619	72.1169212166865	73.3218123823742	74.4587030368956	75.5351375950288	76.5040698481676	77.3794967988067	78.1951008916047	78.9388011573023	79.6251735389853	80.2746249510422	80.8832547836533	81.4798815958545	82.0524798564289
108	"Burundi"	60.04	61.99	63.83	65.56	67.14	68.61	69.93	71.13	72.24	73.23	74.18	75.05	75.89	76.67	77.43	78.15	78.83
174	"Comoros"	65.76	66.87	67.88	68.79	69.66	70.46	71.22	71.94	72.64	73.32	73.99	74.61	75.21	75.84	76.43	77.02	77.59
262	"Djibouti"	64.39	65.46	66.46	67.4	68.28	69.14	69.99	70.8	71.57	72.33	73.09	73.82	74.54	75.26	76.01	76.69	77.38
232	"Eritrea"	67.96	70.08	71.89	73.45	74.8	75.98	77.05	78.01	78.9	79.74	80.51	81.26	81.96	82.65	83.3	83.94	84.56
231	"Ethiopia"	67.88	69.97	71.73	73.24	74.54	75.66	76.66	77.56	78.4	79.17	79.91	80.59	81.26	81.9	82.5	83.1	83.71
404	"Kenya"	69.61	70.68	71.91	73.15	74.26	75.18	76.16	77.16	78.08	78.95	79.74	80.39	81	81.59	82.16	82.73	83.29
450	"Madagascar"	68.1	69.93	71.49	72.88	74.09	75.2	76.2	77.07	77.92	78.73	79.47	80.21	80.89	81.56	82.21	82.85	83.49
454	"Malawi"	66.31	67.83	69.87	71.73	73.24	74.49	75.61	76.69	77.7	78.63	79.46	80.13	80.76	81.36	81.94	82.52	83.08
480	"Mauritius"	78.46	79.16	79.82	80.47	81.11	81.73	82.34	82.94	83.53	84.12	84.69	85.25	85.81	86.4	86.97	87.53	88.09
175	"Mayotte"	83.75	84.56	85.31	86.05	86.77	87.46	88.13	88.78	89.44	90.07	90.69	91.3	91.91	92.52	93.11	93.72	94.3
508	"Mozambique"	61.3	63.22	65.07	66.87	68.45	69.89	71.31	72.87	74.22	75.37	76.44	77.43	78.37	79.24	79.95	80.62	81.26
638	"R~A(c)union"	83.75	84.55	85.32	86.06	86.77	87.47	88.14	88.8	89.44	90.08	90.71	91.32	91.93	92.53	93.13	93.72	94.31
646	"Rwanda"	69.73	70.96	72.15	73.33	74.41	75.27	76.05	76.94	77.84	78.71	79.53	80.22	80.83	81.41	81.98	82.54	83.08
690	"Seychelles"	78.66	79.38	80.07	80.74	81.36	81.99	82.59	83.19	83.76	84.33	84.88	85.43	85.98	86.5	87.04	87.57	88.09
706	"Somalia"	58.66	60.71	62.57	64.32	65.88	67.26	68.51	69.64	70.67	71.61	72.49	73.35	74.14	74.85	75.55	76.25	76.92
728	"South Sudan"	58.58	60.98	63.2	65.18	66.96	68.44	69.79	70.95	72.04	73.01	73.89	74.71	75.51	76.28	76.97	77.67	78.33
800	"Uganda"	62.45	64.02	65.82	67.63	69.23	70.72	72.14	73.35	74.32	75.13	75.9	76.64	77.36	78.04	78.7	79.35	79.89
834	"United Republic of Tanzania"	68.36	69.74	70.99	72.26	73.45	74.52	75.52	76.55	77.51	78.41	79.27	80.02	80.64	81.25	81.83	82.4	82.96
894	"Zambia"	65.05	66.81	68.33	69.7	71.03	72.29	73.47	74.59	75.68	76.7	77.67	78.59	79.4	80.08	80.73	81.37	81.98
716	"Zimbabwe"	63.77	64.59	66.21	67.95	69.62	71.18	72.81	74.22	75.39	76.48	77.48	78.44	79.29	79.99	80.66	81.31	81.93
911	"Middle Africa"	61.2499232313322	63.3391119065935	65.2823795431338	67.0907242384447	68.7155886063668	70.1779469380641	71.4989391139103	72.7290966306331	73.8264380141634	74.8243158525953	75.7351293689792	76.5788093138891	77.3777470156228	78.1387441254496	78.86678460566	79.5526897722979	80.2038614403909
24	"Angola"	64.68	66.21	67.61	68.85	69.97	70.99	71.93	72.77	73.58	74.33	75.05	75.75	76.41	77.06	77.68	78.28	78.86
120	"Cameroon"	59.91	62.54	64.81	66.92	68.82	70.41	71.89	73.44	74.78	75.83	76.81	77.74	78.62	79.45	80.15	80.77	81.37
140	"Central African Republic"	55.29	58.16	60.78	63.22	65.44	67.46	69.3	71	72.56	74.06	75.24	76.22	77.15	78.03	78.88	79.67	80.32
148	"Chad"	54.55	56.26	57.98	59.66	61.28	62.87	64.36	65.8	67.13	68.37	69.55	70.6	71.6	72.55	73.46	74.3	75.13
178	"Congo"	66.91	68.88	70.54	72.09	73.47	74.59	75.53	76.49	77.42	78.31	79.15	79.89	80.51	81.12	81.71	82.29	82.85
180	"Democratic Republic of the Congo"	61.74	63.86	65.87	67.75	69.41	70.92	72.28	73.51	74.6	75.62	76.53	77.37	78.18	78.94	79.7	80.41	81.09
226	"Equatorial Guinea"	59.45	61.44	64.15	66.79	69.11	71.03	72.87	74.51	75.77	76.96	78.12	79.25	80.21	81.05	81.87	82.67	83.43
266	"Gabon"	68.37	69.72	71.37	72.91	74.22	75.25	76.18	77.1	77.97	78.81	79.6	80.24	80.83	81.4	81.97	82.52	83.08
678	"Sao Tome and Principe"	68.98	69.74	70.45	71.15	71.79	72.46	73.1	73.7	74.29	74.86	75.45	76.02	76.61	77.17	77.74	78.27	78.82
912	"Northern Africa"	73.9970378916238	75.0087105813273	75.9436374637493	76.8388183115705	77.6886286335375	78.4595837197386	79.1780170922294	79.8557606588462	80.4894185976844	81.0826649562272	81.6409005309473	82.1655168123821	82.6885941103497	83.2200662170329	83.7352304406392	84.2618063465718	84.7680012560868
12	"Algeria"	77.67	78.73	79.7	80.58	81.41	82.19	82.92	83.64	84.32	84.98	85.63	86.25	86.87	87.48	88.09	88.67	89.26
818	"Egypt"	74.08	75.03	75.91	76.71	77.49	78.22	78.92	79.59	80.23	80.88	81.49	82.09	82.69	83.28	83.85	84.42	84.97
434	"Libya"	75.25	76.04	76.77	77.46	78.13	78.77	79.39	80.01	80.62	81.17	81.76	82.31	82.88	83.41	83.96	84.5	85.03
504	"Morocco"	77.34	78.53	79.6	80.57	81.47	82.3	83.09	83.84	84.56	85.23	85.89	86.52	87.14	87.77	88.37	88.96	89.56
729	"Sudan"	66.41	67.6	68.71	69.74	70.73	71.63	72.49	73.32	74.11	74.84	75.56	76.24	76.91	77.58	78.21	78.85	79.45
788	"Tunisia"	78.14	79.06	79.89	80.67	81.38	82.06	82.72	83.35	83.97	84.56	85.13	85.69	86.25	86.78	87.34	87.88	88.43
732	"Western Sahara"	71.87	73.23	74.42	75.47	76.42	77.31	78.12	78.91	79.64	80.35	81.02	81.7	82.34	82.96	83.59	84.2	84.78
913	"Southern Africa"	66.8854152343125	68.0259621583578	69.1230965749737	70.1838645703467	71.2718821558099	72.3871347546648	73.517605413443	74.6987877905857	75.856332709418	76.9503197954702	77.8842849180524	78.7539056239103	79.5799680501611	80.3694577041537	81.1280022649236	81.862461927779	82.5744247317037
72	"Botswana"	70.46	72.26	73.57	74.56	75.4	76.19	76.95	77.83	78.72	79.54	80.21	80.82	81.41	81.99	82.55	83.11	83.66
426	"Lesotho"	56.8	58.3	60.36	62.65	65.06	67.44	69.63	71.3	72.59	73.83	75.01	76.14	77.16	78.05	78.9	79.74	80.55
516	"Namibia"	67.89	68.85	70.12	71.41	72.74	74.04	75.29	76.41	77.38	78.28	79.02	79.71	80.4	81.06	81.72	82.37	83.01
710	"South Africa"	67.25	68.34	69.36	70.34	71.34	72.38	73.46	74.63	75.8	76.92	77.86	78.74	79.58	80.39	81.16	81.9	82.62
748	"Swaziland"	61.41	62.72	64.12	65.69	67.32	68.92	70.34	71.72	73.02	74.28	75.49	76.61	77.53	78.38	79.21	80.01	80.79
914	"Western Africa"	57.939750909504	60.1151714918049	62.1679392086869	64.0587923819119	65.7856394348477	67.3407251673854	68.7316003131423	69.9934283799658	71.1420416428549	72.1600230556239	73.1107713912132	73.9819599186215	74.801057053426	75.6006044215166	76.3501929225013	77.0538525349229	77.7405981904188
204	"Benin"	62.83	64.08	65.17	66.19	67.09	67.91	68.72	69.46	70.17	70.86	71.54	72.16	72.79	73.4	74.02	74.64	75.22
854	"Burkina Faso"	61.6	63.71	65.56	67.17	68.57	69.81	70.91	71.9	72.84	73.67	74.49	75.25	75.98	76.67	77.37	78.02	78.67
132	"Cabo Verde"	75.05	76.07	76.98	77.83	78.64	79.39	80.11	80.81	81.48	82.13	82.77	83.39	84	84.6	85.18	85.76	86.34
384	"C~A'te d'Ivoire"	55.9	58.27	60.3	62.02	63.47	64.75	65.91	66.99	67.99	68.9	69.78	70.64	71.48	72.31	73.06	73.82	74.57
270	"Gambia"	62.95	64.07	65.08	66	66.86	67.66	68.4	69.11	69.8	70.46	71.09	71.74	72.37	72.98	73.56	74.17	74.75
288	"Ghana"	64.21	65.7	67.06	68.3	69.4	70.44	71.4	72.27	73.11	73.89	74.65	75.36	76.05	76.74	77.37	78.05	78.68
324	"Guinea"	61.53	64.41	66.93	69.05	70.83	72.31	73.55	74.68	75.69	76.61	77.42	78.24	78.97	79.7	80.4	81.05	81.7
624	"Guinea-Bissau"	59.75	61.76	63.64	65.37	66.96	68.4	69.69	70.85	71.92	72.91	73.84	74.72	75.51	76.29	77	77.71	78.37
430	"Liberia"	64.27	66.73	68.89	70.74	72.31	73.67	74.88	75.96	76.94	77.8	78.64	79.42	80.16	80.89	81.58	82.25	82.89
466	"Mali"	59.46	61.8	63.85	65.61	67.11	68.44	69.59	70.63	71.57	72.42	73.25	74.03	74.77	75.48	76.15	76.83	77.48
478	"Mauritania"	64.99	65.83	66.61	67.35	68.03	68.69	69.33	69.95	70.56	71.15	71.72	72.31	72.88	73.46	74.03	74.59	75.13
562	"Niger"	61.61	63.58	65.39	67	68.44	69.7	70.83	71.87	72.81	73.67	74.48	75.23	75.93	76.62	77.29	77.91	78.49
566	"Nigeria"	54.93	57.25	59.53	61.7	63.75	65.61	67.27	68.78	70.14	71.31	72.4	73.37	74.28	75.17	76	76.74	77.48
686	"Senegal"	69.49	71.12	72.48	73.69	74.74	75.75	76.62	77.45	78.24	79.01	79.73	80.41	81.1	81.74	82.37	82.99	83.6
694	"Sierra Leone"	52.94	55.07	57.1	58.96	60.66	62.17	63.55	64.75	65.83	66.79	67.7	68.52	69.28	70.02	70.72	71.4	72.05
768	"Togo"	61.37	62.72	63.87	64.93	65.87	66.74	67.52	68.31	69.03	69.74	70.41	71.09	71.73	72.36	72.98	73.58	74.2
935	"ASIA"	74.9157994291855	75.8973304956929	76.777974365212	77.5979480020817	78.3321329598329	79.0188575480329	79.6630301475365	80.2717676671687	80.8539154818709	81.4108913898252	81.9547051971991	82.4834955487532	83.0160406814015	83.5591284916293	84.1071541392884	84.6533657773863	85.2119000322317
906	"Eastern Asia"	79.5408971479869	80.2648866196478	80.931213515546	81.5548819885209	82.1346532803943	82.7294393356082	83.3241284518792	83.9152739502453	84.5184930354867	85.1180491724168	85.6971176177593	86.2562105480642	86.8342763673095	87.4185137032047	87.9901541288737	88.5594960066483	89.1135160185195
156	"China"	78.08	78.87	79.62	80.35	81.04	81.71	82.35	82.97	83.59	84.19	84.78	85.36	85.94	86.51	87.06	87.62	88.18
344	"China, Hong Kong SAR"	87.15	87.86	88.56	89.24	89.92	90.58	91.22	91.85	92.48	93.1	93.71	94.32	94.94	95.54	96.15	96.75	97.33
446	"China, Macao SAR"	86.97	87.72	88.45	89.17	89.87	90.55	91.21	91.87	92.5	93.14	93.77	94.39	95	95.62	96.23	96.84	97.43
158	"China, Taiwan Province of China"	83.01	83.72	84.39	85.04	85.68	86.31	86.95	87.57	88.17	88.77	89.38	89.96	90.56	91.13	91.7	92.28	92.85
408	"Dem. People's Republic of Korea"	75.36	76.47	77.45	78.34	79.16	79.95	80.68	81.37	82.06	82.71	83.33	83.94	84.54	85.13	85.71	86.28	86.84
392	"Japan"	87.18	87.89	88.56	89.24	89.89	90.54	91.17	91.8	92.42	93.02	93.63	94.2	94.8	95.4	95.98	96.56	97.14
496	"Mongolia"	73.76	74.74	75.64	76.48	77.3	78.07	78.79	79.51	80.21	80.89	81.54	82.19	82.82	83.46	84.07	84.69	85.27
410	"Republic of Korea"	85.35	86.23	87.05	87.84	88.6	89.33	90.03	90.73	91.4	92.06	92.72	93.36	93.99	94.62	95.24	95.85	96.47
921	"South-Central Asia"	70.9117056674369	72.1340448568505	73.2105434673678	74.2115151436518	75.1184025801808	75.9977090202443	76.8337862755202	77.6238989152235	78.3716190784842	79.0689897982773	79.738737674372	80.3727893047153	80.9912361529264	81.6098160443797	82.2156440966297	82.7982676166886	83.3941963019057
5500	"Central Asia"	74.1440101847977	74.9479604399616	75.7130088694824	76.4532063803027	77.1595144235456	77.8508536769355	78.5063907116468	79.14593179012	79.772281041086	80.3716837484166	80.9892201460695	81.5995903903828	82.2164226269494	82.8221424166736	83.4076130556933	83.9931755693639	84.5578414351534
398	"Kazakhstan"	74.85	75.77	76.61	77.42	78.2	78.95	79.65	80.33	81.01	81.64	82.28	82.9	83.51	84.12	84.7	85.29	85.86
417	"Kyrgyzstan"	75.12	75.9	76.67	77.4	78.09	78.74	79.42	80.06	80.69	81.29	81.92	82.52	83.12	83.72	84.29	84.86	85.42
762	"Tajikistan"	74.42	75.31	76.16	76.94	77.7	78.44	79.12	79.8	80.47	81.13	81.76	82.39	83.01	83.61	84.2	84.78	85.35
795	"Turkmenistan"	71.5	72.2	72.89	73.56	74.2	74.83	75.47	76.06	76.65	77.23	77.82	78.42	78.98	79.55	80.1	80.65	81.21
860	"Uzbekistan"	74.27	74.98	75.65	76.32	76.95	77.6	78.21	78.82	79.42	79.99	80.59	81.16	81.74	82.31	82.87	83.44	84
5501	"Southern Asia"	70.785971096819	72.0241040169335	73.1114903668058	74.1204824474026	75.0336199642163	75.920211598523	76.7643153891388	77.5614015316797	78.3142055724462	79.0153928215756	79.6873802634756	80.3224604211469	80.9404582380572	81.5586225640708	82.1642634691791	82.7457358098479	83.3422795847495
4	"Afghanistan"	65.62	67.36	68.82	70.06	71.15	72.15	73.05	73.88	74.72	75.47	76.18	76.87	77.52	78.17	78.8	79.42	80.04
50	"Bangladesh"	74.74	76.26	77.58	78.74	79.78	80.72	81.61	82.42	83.2	83.95	84.65	85.32	85.98	86.62	87.24	87.84	88.46
64	"Bhutan"	71.09	72.84	74.31	75.53	76.63	77.61	78.5	79.33	80.11	80.86	81.56	82.23	82.89	83.52	84.16	84.79	85.37
356	"India"	70.51	71.77	72.88	73.9	74.82	75.69	76.52	77.29	78.03	78.73	79.42	80.06	80.7	81.34	81.97	82.56	83.18
364	"Iran (Islamic Republic of)"	77.43	78.5	79.48	80.38	81.23	82.02	82.78	83.5	84.21	84.87	85.53	86.17	86.79	87.42	88.02	88.63	89.22
462	"Maldives"	79	80.27	81.35	82.31	83.15	83.94	84.68	85.37	86.03	86.67	87.3	87.89	88.48	89.06	89.62	90.19	90.73
524	"Nepal"	72.42	74.01	75.35	76.5	77.54	78.47	79.33	80.14	80.9	81.61	82.3	82.97	83.63	84.28	84.86	85.46	86.05
586	"Pakistan"	67.76	68.66	69.52	70.36	71.17	71.95	72.73	73.5	74.24	74.95	75.67	76.41	77.11	77.82	78.52	79.21	79.9
144	"Sri Lanka"	78.92	79.78	80.57	81.33	82.05	82.74	83.42	84.08	84.72	85.31	85.93	86.52	87.1	87.68	88.25	88.83	89.38
920	"South-Eastern Asia"	74.4274499092451	75.3227351635406	76.1495397711141	76.9268789859629	77.6576130036304	78.3470382543785	78.9773195417107	79.5800619882073	80.1477125137767	80.7065777498106	81.2529650277672	81.7935850307407	82.3083625286123	82.816026491761	83.3367237860611	83.8549612802938	84.4008980709133
96	"Brunei Darussalam"	79.19	79.92	80.62	81.3	81.94	82.58	83.19	83.81	84.42	85.01	85.58	86.16	86.72	87.29	87.86	88.41	88.97
116	"Cambodia"	71.5	73.21	74.69	75.97	77.09	78.1	79.02	79.86	80.62	81.36	82.05	82.73	83.37	83.98	84.58	85.16	85.73
360	"Indonesia"	71.65	72.55	73.36	74.15	74.89	75.6	76.28	76.95	77.58	78.2	78.81	79.42	80.01	80.6	81.19	81.75	82.33
418	"Lao People's Democratic Republic"	68.73	70.44	71.92	73.25	74.43	75.49	76.44	77.31	78.12	78.89	79.63	80.31	80.98	81.61	82.25	82.85	83.44
458	"Malaysia"	77.92	78.68	79.41	80.1	80.77	81.43	82.07	82.7	83.31	83.93	84.5	85.08	85.68	86.25	86.81	87.36	87.91
104	"Myanmar"	69.11	69.91	70.69	71.42	72.11	72.81	73.46	74.1	74.74	75.35	75.95	76.56	77.15	77.72	78.3	78.88	79.45
608	"Philippines"	72.9	73.66	74.4	75.07	75.75	76.4	77.04	77.69	78.28	78.87	79.47	80.06	80.64	81.22	81.79	82.35	82.91
702	"Singapore"	85.26	85.98	86.67	87.34	88.02	88.67	89.32	89.93	90.57	91.18	91.8	92.42	93.02	93.62	94.23	94.83	95.42
764	"Thailand"	79.34	80.21	81.02	81.8	82.53	83.23	83.91	84.57	85.2	85.82	86.42	87.04	87.62	88.2	88.78	89.35	89.9
626	"Timor-Leste"	71.26	72.72	73.94	75.03	75.99	76.86	77.68	78.44	79.16	79.84	80.5	81.13	81.74	82.34	82.93	83.5	84.05
704	"Viet Nam"	81.13	81.9	82.65	83.35	84.04	84.69	85.34	85.96	86.59	87.19	87.78	88.38	88.96	89.55	90.12	90.69	91.27
922	"Western Asia"	76.7266395698439	77.6900807532407	78.5288816665614	79.2803294566164	79.9670402750233	80.6065763779468	81.2031551611952	81.7729756112913	82.3259295568115	82.855512631271	83.3732316649368	83.8740713981575	84.3777515871916	84.8715904256149	85.3545123367435	85.8391208802976	86.3205192274074
51	"Armenia"	77.86	78.65	79.41	80.13	80.84	81.5	82.16	82.78	83.4	83.99	84.61	85.18	85.76	86.33	86.91	87.48	88.04
31	"Azerbaijan"	75.2	75.84	76.46	77.09	77.7	78.29	78.87	79.46	80.04	80.61	81.17	81.76	82.32	82.88	83.45	84.02	84.56
48	"Bahrain"	78.22	78.93	79.6	80.25	80.9	81.51	82.12	82.72	83.3	83.88	84.43	84.98	85.53	86.06	86.6	87.14	87.66
196	"Cyprus"	82.84	83.49	84.13	84.75	85.37	85.97	86.56	87.14	87.74	88.31	88.88	89.47	90.04	90.61	91.16	91.73	92.29
268	"Georgia"	77.73	78.47	79.16	79.83	80.49	81.14	81.75	82.36	82.96	83.54	84.14	84.7	85.25	85.81	86.35	86.92	87.47
368	"Iraq"	72.46	73.39	74.25	75.03	75.78	76.5	77.21	77.87	78.5	79.13	79.74	80.32	80.92	81.47	82.07	82.64	83.21
376	"Israel"	84.31	84.95	85.59	86.21	86.83	87.45	88.07	88.67	89.27	89.87	90.48	91.08	91.67	92.27	92.85	93.45	94.03
400	"Jordan"	76.33	77.12	77.85	78.56	79.23	79.86	80.51	81.12	81.72	82.31	82.9	83.47	84.03	84.59	85.13	85.68	86.23
414	"Kuwait"	76.21	76.91	77.55	78.18	78.8	79.41	79.98	80.56	81.11	81.65	82.2	82.74	83.27	83.8	84.31	84.84	85.36
422	"Lebanon"	81.65	82.39	83.12	83.83	84.51	85.18	85.83	86.47	87.1	87.74	88.37	88.96	89.58	90.18	90.78	91.36	91.97
512	"Oman"	79.81	80.83	81.76	82.64	83.44	84.22	84.95	85.64	86.33	86.98	87.63	88.26	88.88	89.49	90.09	90.69	91.26
634	"Qatar"	80.11	80.82	81.51	82.18	82.82	83.45	84.05	84.64	85.21	85.78	86.34	86.89	87.44	87.99	88.53	89.07	89.6
682	"Saudi Arabia"	76.59	77.46	78.25	79.01	79.7	80.38	81.01	81.65	82.26	82.85	83.43	83.99	84.54	85.09	85.61	86.15	86.69
275	"State of Palestine"	75.74	76.64	77.48	78.25	78.99	79.69	80.36	81.02	81.65	82.28	82.87	83.47	84.05	84.63	85.18	85.73	86.27
760	"Syrian Arab Republic"	77.66	79.11	79.94	80.71	81.43	82.11	82.76	83.38	83.99	84.58	85.14	85.7	86.25	86.78	87.32	87.84	88.38
792	"Turkey"	79.34	80.43	81.42	82.33	83.18	83.97	84.71	85.43	86.13	86.8	87.46	88.09	88.71	89.33	89.9	90.51	91.08
784	"United Arab Emirates"	79	79.77	80.5	81.19	81.88	82.53	83.18	83.8	84.4	85	85.59	86.18	86.76	87.33	87.9	88.46	89.03
887	"Yemen"	66.75	67.83	68.8	69.72	70.59	71.43	72.24	72.99	73.77	74.51	75.22	75.91	76.63	77.33	78.02	78.7	79.38
908	"EUROPE"	81.464202810926	82.216577228092	82.9353452985917	83.6157470494151	84.2649345522423	84.9158038552729	85.5494671667049	86.1625634170719	86.7403610566076	87.3121026328968	87.9110487939272	88.5309539687215	89.1659731426322	89.7862250753657	90.3730157332893	90.9226043057511	91.4702259900131
923	"Eastern Europe"	77.906185067259	78.6615053972169	79.3726540363874	80.037463076345	80.6679814372555	81.2825478065787	81.8714662439387	82.4603803897221	83.0314740111126	83.5824706331628	84.1382512545167	84.6784360473869	85.2130225819228	85.7380611204612	86.2579213219548	86.7622123954959	87.2639458868887
112	"Belarus"	78.45	79.2	79.9	80.57	81.21	81.83	82.43	83.03	83.61	84.17	84.72	85.26	85.8	86.35	86.87	87.41	87.95
100	"Bulgaria"	78.41	79.02	79.61	80.18	80.73	81.27	81.8	82.33	82.86	83.36	83.86	84.36	84.87	85.36	85.84	86.32	86.82
203	"Czechia"	81.78	82.41	83.02	83.64	84.22	84.8	85.37	85.93	86.49	87.05	87.6	88.16	88.71	89.26	89.79	90.34	90.91
348	"Hungary"	79.48	80.1	80.7	81.3	81.89	82.46	83.04	83.62	84.17	84.73	85.25	85.79	86.33	86.86	87.38	87.93	88.46
616	"Poland"	81.65	82.3	82.93	83.55	84.16	84.76	85.34	85.93	86.51	87.05	87.64	88.2	88.75	89.3	89.85	90.4	90.95
498	"Republic of Moldova"	75.94	76.65	77.31	77.97	78.61	79.25	79.88	80.48	81.08	81.68	82.27	82.84	83.43	84.01	84.57	85.14	85.68
642	"Romania"	79.06	79.73	80.38	81.01	81.63	82.24	82.83	83.42	84	84.56	85.13	85.68	86.23	86.79	87.33	87.85	88.39
643	"Russian Federation"	76.76	77.52	78.24	78.9	79.55	80.18	80.77	81.36	81.92	82.47	83.03	83.56	84.09	84.62	85.15	85.67	86.19
703	"Slovakia"	80.43	81.04	81.63	82.19	82.77	83.33	83.89	84.44	84.97	85.5	86.04	86.56	87.09	87.6	88.13	88.65	89.15
804	"Ukraine"	76.94	77.77	78.55	79.27	79.95	80.59	81.22	81.84	82.42	83	83.57	84.13	84.68	85.21	85.75	86.28	86.8
924	"Northern Europe"	83.3679311291729	84.0169174036254	84.6706432212812	85.3067994636421	85.9148959685015	86.5275039819302	87.1366015463355	87.7408741028026	88.3265447933603	88.9116417782574	89.4995546583194	90.0795066055863	90.6597932967202	91.231935414331	91.8090860511165	92.3773287592239	92.9581459871191
830	"Channel Islands"	83	83.62	84.23	84.82	85.41	85.99	86.58	87.17	87.75	88.32	88.88	89.46	90.04	90.61	91.18	91.75	92.32
208	"Denmark"	82.79	83.42	84.04	84.64	85.24	85.82	86.4	86.98	87.55	88.14	88.7	89.24	89.81	90.37	90.92	91.47	92.03
233	"Estonia"	81.99	82.73	83.45	84.13	84.8	85.43	86.07	86.69	87.3	87.91	88.51	89.1	89.68	90.27	90.84	91.41	91.97
246	"Finland"	84.35	85.03	85.67	86.31	86.95	87.56	88.18	88.78	89.38	89.97	90.55	91.14	91.71	92.3	92.87	93.44	94.02
352	"Iceland"	84.42	85.03	85.62	86.21	86.8	87.37	87.94	88.49	89.03	89.58	90.12	90.68	91.22	91.77	92.29	92.83	93.35
372	"Ireland"	83.66	84.34	85.01	85.66	86.3	86.92	87.55	88.16	88.76	89.36	89.95	90.54	91.13	91.72	92.32	92.89	93.47
428	"Latvia"	79.4	80.06	80.71	81.33	81.94	82.51	83.07	83.66	84.2	84.76	85.29	85.83	86.34	86.87	87.39	87.91	88.43
440	"Lithuania"	79.97	80.58	81.17	81.74	82.3	82.85	83.38	83.9	84.43	84.95	85.44	85.95	86.45	86.95	87.45	87.96	88.43
578	"Norway"	84.27	84.88	85.49	86.08	86.67	87.25	87.82	88.39	88.97	89.52	90.07	90.64	91.18	91.74	92.28	92.83	93.38
752	"Sweden"	84.38	85	85.61	86.23	86.82	87.41	88	88.58	89.15	89.72	90.29	90.84	91.41	91.98	92.53	93.09	93.65
826	"United Kingdom"	83.48	84.12	84.75	85.38	85.99	86.59	87.19	87.79	88.36	88.95	89.52	90.1	90.67	91.25	91.82	92.39	92.98
925	"Southern Europe"	84.4239062616613	85.1316324682899	85.8208058002237	86.5043085577703	87.1690808375462	87.8283297406844	88.4744252781675	89.0810192325205	89.6633365292869	90.2349505396371	90.8056965724566	91.3852003860484	91.9809682110327	92.6010183591499	93.2253073746579	93.824195474542	94.4131347113739
8	"Albania"	80.64	81.4	82.11	82.8	83.48	84.14	84.78	85.41	86.03	86.63	87.23	87.82	88.43	89.02	89.6	90.17	90.74
70	"Bosnia and Herzegovina"	79.65	80.44	81.18	81.9	82.58	83.25	83.89	84.52	85.14	85.73	86.32	86.91	87.48	88.05	88.61	89.17	89.72
191	"Croatia"	81.09	81.79	82.45	83.1	83.75	84.35	84.96	85.56	86.14	86.72	87.28	87.84	88.41	88.97	89.53	90.08	90.64
300	"Greece"	84.01	84.67	85.31	85.95	86.57	87.19	87.8	88.4	89.02	89.6	90.17	90.76	91.34	91.91	92.48	93.04	93.63
380	"Italy"	85.37	86.05	86.72	87.37	88	88.63	89.25	89.86	90.46	91.05	91.66	92.23	92.83	93.4	93.97	94.55	95.13
470	"Malta"	82.65	83.31	83.96	84.6	85.21	85.82	86.43	87.01	87.61	88.2	88.8	89.38	89.95	90.51	91.09	91.65	92.23
499	"Montenegro"	79.63	80.44	81.19	81.89	82.57	83.21	83.84	84.46	85.05	85.62	86.16	86.74	87.29	87.83	88.36	88.89	89.43
620	"Portugal"	84.29	85.02	85.73	86.43	87.1	87.76	88.42	89.05	89.68	90.3	90.92	91.53	92.14	92.75	93.35	93.95	94.54
688	"Serbia"	78.21	78.89	79.56	80.2	80.81	81.42	82.01	82.59	83.18	83.75	84.3	84.84	85.38	85.92	86.46	86.99	87.55
705	"Slovenia"	83.93	84.6	85.25	85.89	86.52	87.15	87.76	88.36	88.96	89.55	90.16	90.75	91.34	91.93	92.52	93.11	93.69
724	"Spain"	86.04	86.74	87.42	88.09	88.73	89.36	89.99	90.62	91.23	91.84	92.43	93.03	93.61	94.2	94.79	95.38	95.96
807	"TFYR Macedonia"	77.98	78.72	79.45	80.14	80.81	81.47	82.11	82.73	83.34	83.95	84.54	85.12	85.69	86.25	86.81	87.37	87.94
926	"Western Europe"	84.3171124671099	84.9864600264974	85.6388980472124	86.2880671466247	86.9142265478247	87.5319772128783	88.1278780855829	88.7388390302653	89.3375900710115	89.9382869809479	90.5301761335915	91.1137181093702	91.6998930084138	92.2875303520402	92.8852228646291	93.487193343695	94.071828674196
40	"Austria"	84.18	84.86	85.52	86.17	86.8	87.43	88.05	88.67	89.26	89.85	90.46	91.04	91.64	92.21	92.79	93.39	93.97
56	"Belgium"	83.68	84.35	84.98	85.61	86.23	86.84	87.43	88.03	88.62	89.18	89.75	90.33	90.89	91.47	92.03	92.58	93.15
250	"France"	85.68	86.35	87.01	87.65	88.29	88.91	89.52	90.14	90.73	91.34	91.93	92.52	93.1	93.69	94.28	94.85	95.43
276	"Germany"	83.57	84.22	84.85	85.48	86.08	86.69	87.29	87.9	88.5	89.09	89.67	90.26	90.84	91.42	92	92.58	93.16
442	"Luxembourg"	84.14	84.81	85.46	86.1	86.72	87.34	87.95	88.56	89.15	89.75	90.33	90.92	91.51	92.09	92.67	93.24	93.81
528	"Netherlands"	83.77	84.38	84.98	85.56	86.14	86.71	87.27	87.81	88.36	88.91	89.45	89.98	90.5	91.04	91.58	92.11	92.64
756	"Switzerland"	85.41	86.06	86.7	87.33	87.96	88.58	89.19	89.79	90.4	90.98	91.57	92.16	92.75	93.33	93.91	94.49	95.07
904	"LATIN AMERICA AND THE CARIBBEAN"	78.9313424804704	79.8392997528348	80.6871258243708	81.4854547952578	82.2407974908574	82.9682093540391	83.6607032693311	84.3337081792122	84.9744115094504	85.5935832097503	86.19754350183	86.7877989954911	87.3774868396705	87.9531302935571	88.5185949498341	89.093010464147	89.6517606628301
915	"Caribbean"	76.1763409373826	77.0865976016736	77.9419059494532	78.7391319823845	79.4721989516934	80.1571995596838	80.7615093108912	81.3264045735685	81.8287502846945	82.3169104459225	82.8028097291762	83.3160951029206	83.8486273492421	84.3597003090618	84.8636266590335	85.3800111615846	85.904104813248
28	"Antigua and Barbuda"	78.95	79.67	80.35	81.03	81.7	82.34	82.97	83.59	84.19	84.77	85.35	85.93	86.49	87.08	87.65	88.21	88.77
533	"Aruba"	78.44	79.11	79.74	80.36	80.96	81.53	82.1	82.66	83.2	83.74	84.27	84.79	85.31	85.81	86.32	86.83	87.32
44	"Bahamas"	78.82	79.52	80.2	80.87	81.51	82.14	82.77	83.37	83.97	84.56	85.14	85.71	86.29	86.87	87.43	87.98	88.53
52	"Barbados"	78.47	79.2	79.9	80.57	81.22	81.88	82.51	83.12	83.71	84.3	84.89	85.46	86.04	86.6	87.17	87.72	88.29
192	"Cuba"	82.02	82.73	83.42	84.08	84.72	85.35	85.95	86.55	87.14	87.71	88.3	88.87	89.45	90	90.56	91.11	91.66
531	"Cura~ASSao"	81.43	82.12	82.79	83.45	84.09	84.71	85.3	85.89	86.49	87.07	87.63	88.18	88.75	89.3	89.86	90.4	90.95
214	"Dominican Republic"	77.39	78.26	79.08	79.86	80.6	81.32	81.99	82.66	83.3	83.95	84.54	85.14	85.73	86.31	86.89	87.46	88.05
308	"Grenada"	76.33	77.04	77.74	78.4	79.06	79.69	80.31	80.93	81.52	82.12	82.71	83.29	83.86	84.42	85	85.56	86.11
312	"Guadeloupe"	84.84	85.65	86.43	87.18	87.91	88.6	89.27	89.94	90.59	91.22	91.86	92.47	93.09	93.7	94.3	94.88	95.47
332	"Haiti"	65.9	67.22	68.42	69.49	70.49	71.41	72.25	73.07	73.83	74.57	75.28	75.98	76.65	77.3	77.93	78.55	79.14
388	"Jamaica"	78.56	79.24	79.87	80.5	81.1	81.7	82.28	82.85	83.44	84	84.55	85.08	85.62	86.16	86.71	87.24	87.77
474	"Martinique"	85.22	86.04	86.82	87.55	88.26	88.95	89.63	90.28	90.94	91.56	92.18	92.8	93.41	94.03	94.62	95.2	95.8
630	"Puerto Rico"	83.89	84.58	85.26	85.92	86.56	87.2	87.8	88.41	89.01	89.6	90.18	90.77	91.36	91.95	92.51	93.09	93.66
662	"Saint Lucia"	78.52	79.41	80.21	80.99	81.73	82.43	83.11	83.76	84.41	85.02	85.63	86.24	86.82	87.39	87.97	88.54	89.13
670	"Saint Vincent and the Grenadines"	75.61	76.29	76.93	77.55	78.16	78.75	79.33	79.89	80.44	80.99	81.54	82.05	82.59	83.11	83.65	84.17	84.68
780	"Trinidad and Tobago"	74.5	75.15	75.77	76.38	76.97	77.56	78.12	78.69	79.22	79.77	80.31	80.84	81.36	81.86	82.39	82.91	83.43
850	"United States Virgin Islands"	82.25	82.95	83.62	84.28	84.93	85.57	86.19	86.81	87.44	88.02	88.63	89.22	89.82	90.41	90.99	91.58	92.14
916	"Central America"	79.3568159807012	80.2266166951178	81.0388831582601	81.8063955932535	82.5350213838116	83.2461407610127	83.9184780039882	84.575558399605	85.2091459071699	85.8289349389892	86.4246469202844	87.0108853992902	87.5925781223595	88.1641736919042	88.7236062089258	89.3038117663254	89.8611513035452
84	"Belize"	73.75	74.7	75.55	76.37	77.12	77.85	78.55	79.2	79.85	80.46	81.08	81.68	82.27	82.86	83.41	83.98	84.53
188	"Costa Rica"	82.52	83.28	84.02	84.71	85.36	86.01	86.64	87.24	87.82	88.4	88.98	89.55	90.1	90.66	91.21	91.75	92.28
222	"El Salvador"	78.22	79.26	80.19	81.07	81.88	82.66	83.39	84.09	84.78	85.44	86.08	86.7	87.31	87.91	88.49	89.08	89.64
320	"Guatemala"	76.93	78.1	79.15	80.1	80.99	81.82	82.6	83.34	84.06	84.74	85.39	86.03	86.67	87.28	87.87	88.46	89.04
340	"Honduras"	76.45	77.4	78.27	79.08	79.83	80.55	81.24	81.92	82.56	83.19	83.81	84.4	84.98	85.54	86.11	86.66	87.22
484	"Mexico"	79.8	80.61	81.39	82.12	82.83	83.52	84.17	84.82	85.44	86.05	86.65	87.24	87.82	88.4	88.95	89.54	90.1
558	"Nicaragua"	78.73	79.85	80.86	81.79	82.65	83.47	84.23	84.95	85.65	86.32	86.99	87.63	88.26	88.88	89.48	90.07	90.68
591	"Panama"	81.32	82.1	82.86	83.57	84.26	84.93	85.56	86.2	86.81	87.41	88.02	88.62	89.2	89.77	90.35	90.91	91.49
931	"South America"	79.0766860703938	79.9922662837037	80.8443786922089	81.6469116139172	82.4056577575915	83.1347214810941	83.8334913379384	84.5144044214266	85.1644313235484	85.7921859750079	86.4101240429367	87.0091842207489	87.6043913931696	88.185625686216	88.7599513151757	89.3380466592861	89.9012259237176
32	"Argentina"	80.5	81.17	81.83	82.47	83.09	83.71	84.31	84.91	85.51	86.1	86.68	87.25	87.83	88.4	88.98	89.54	90.11
68	"Bolivia (Plurinational State of)"	72.2	73.91	75.35	76.59	77.69	78.67	79.56	80.38	81.14	81.86	82.53	83.19	83.81	84.41	84.98	85.54	86.11
76	"Brazil"	79.41	80.37	81.27	82.12	82.92	83.68	84.41	85.12	85.79	86.44	87.09	87.72	88.35	88.95	89.56	90.17	90.75
152	"Chile"	82.2	83.02	83.8	84.54	85.23	85.91	86.55	87.18	87.78	88.39	88.98	89.55	90.13	90.7	91.26	91.82	92.37
170	"Colombia"	78.26	79.08	79.86	80.59	81.29	81.97	82.63	83.27	83.9	84.51	85.1	85.7	86.27	86.87	87.43	88	88.57
218	"Ecuador"	79.44	80.4	81.28	82.11	82.89	83.64	84.34	85.01	85.66	86.27	86.92	87.51	88.11	88.69	89.26	89.83	90.41
254	"French Guiana"	83.39	84.18	84.94	85.66	86.36	87.05	87.71	88.38	89.02	89.63	90.26	90.87	91.48	92.09	92.69	93.29	93.89
328	"Guyana"	69.27	69.93	70.58	71.24	71.84	72.48	73.11	73.71	74.31	74.9	75.51	76.1	76.69	77.28	77.86	78.43	79.03
600	"Paraguay"	75.52	76.14	76.74	77.34	77.94	78.51	79.09	79.66	80.21	80.78	81.33	81.9	82.45	83.02	83.59	84.14	84.67
604	"Peru"	78.02	79.07	80.03	80.91	81.74	82.51	83.26	83.96	84.66	85.31	85.94	86.58	87.18	87.79	88.36	88.95	89.52
740	"Suriname"	74.91	75.61	76.28	76.92	77.57	78.21	78.81	79.41	80	80.58	81.14	81.71	82.27	82.81	83.36	83.92	84.47
858	"Uruguay"	81.06	81.68	82.3	82.9	83.5	84.1	84.68	85.26	85.84	86.41	86.98	87.55	88.11	88.69	89.25	89.82	90.38
862	"Venezuela (Bolivarian Republic of)"	79.01	79.75	80.46	81.14	81.8	82.45	83.08	83.71	84.31	84.89	85.48	86.05	86.61	87.17	87.73	88.29	88.85
905	"NORTHERN AMERICA"	82.1392360981326	82.7645703492052	83.3819328946531	83.9753610299687	84.5639973397104	85.1475201388659	85.7164355768957	86.2858906340562	86.8372868284049	87.3861869806372	87.9328394240989	88.4737367463287	89.0124626334986	89.5564604828333	90.0986505568854	90.6312813633749	91.1723327753805
124	"Canada"	84.44	85.08	85.71	86.33	86.95	87.54	88.14	88.72	89.29	89.87	90.43	91	91.58	92.13	92.69	93.24	93.8
840	"United States of America"	81.88	82.5	83.11	83.71	84.29	84.86	85.42	85.99	86.54	87.09	87.64	88.17	88.72	89.27	89.79	90.32	90.87
909	"OCEANIA"	80.9165560750805	81.5943753852783	82.2077440446845	82.797423440002	83.3586347625903	83.9138406803507	84.4490767398924	84.9814305630543	85.4856075259284	85.9928663957563	86.4877930261148	86.9787412586556	87.4682790501136	87.9840584770579	88.4863157556947	89.0187809823194	89.5697420551607
927	"Australia/New Zealand"	84.8171980062971	85.4521122022317	86.064049167249	86.6924929054922	87.3011877630255	87.9115025435882	88.5161670583409	89.1287800007055	89.7263255672382	90.3256465024375	90.9174876065582	91.5168153291552	92.112288488948	92.7183776405044	93.2902098007249	93.8719632559637	94.4749653793211
36	"Australia"	85.04	85.66	86.29	86.91	87.52	88.13	88.74	89.34	89.95	90.55	91.14	91.73	92.32	92.92	93.51	94.09	94.68
554	"New Zealand"	83.73	84.35	84.96	85.57	86.17	86.78	87.37	87.96	88.55	89.14	89.73	90.32	90.91	91.49	92.08	92.66	93.23
928	"Melanesia"	69.5649170484342	70.4211692044701	71.228033038316	71.9826436563197	72.682910560493	73.3569936569441	73.9987157321077	74.6352384773319	75.227250874965	75.8136881107192	76.3902157159362	76.9512023587287	77.511299530741	78.0792294352618	78.6106590848675	79.1601599787642	79.7171087300822
242	"Fiji"	73.72	74.51	75.26	75.98	76.67	77.36	78.01	78.65	79.28	79.89	80.49	81.09	81.67	82.26	82.83	83.42	83.99
540	"New Caledonia"	80.16	80.97	81.74	82.46	83.17	83.85	84.5	85.13	85.76	86.37	86.97	87.58	88.17	88.75	89.33	89.9	90.47
598	"Papua New Guinea"	68.35	69.19	69.99	70.73	71.42	72.1	72.74	73.4	74	74.6	75.19	75.76	76.34	76.92	77.46	78.02	78.59
90	"Solomon Islands"	72.75	74.17	75.42	76.53	77.51	78.41	79.24	80.01	80.72	81.41	82.06	82.7	83.32	83.9	84.47	85.02	85.57
548	"Vanuatu"	74.75	75.78	76.73	77.61	78.43	79.21	79.97	80.68	81.36	82.05	82.71	83.33	83.96	84.56	85.16	85.75	86.33
954	"Micronesia"	76.2872829587918	77.2233472035194	78.093676001821	78.8932698906726	79.6034464267204	80.2377027857959	80.7908997275917	81.2864828380537	81.7331822926885	82.1787701736012	82.6796471121291	83.2288544772309	83.7774801592817	84.3093750674934	84.7776331712779	85.2109322038164	85.6541242944298
316	"Guam"	82.29	83.06	83.81	84.54	85.22	85.91	86.57	87.24	87.86	88.49	89.12	89.73	90.33	90.94	91.54	92.14	92.7
296	"Kiribati"	69.94	70.86	71.72	72.54	73.33	74.07	74.76	75.44	76.11	76.75	77.37	78	78.59	79.19	79.78	80.36	80.94
583	"Micronesia (Fed. States of)"	70.58	71.3	71.96	72.62	73.26	73.88	74.48	75.07	75.65	76.22	76.79	77.35	77.9	78.47	79.01	79.53	80.08
957	"Polynesia"	78.3162167971829	79.1843995194963	79.9938666674755	80.7607836762645	81.5011175967602	82.2183569197536	82.9208814619243	83.5934715987328	84.2492740753185	84.8866512798719	85.4891249084811	86.0779294148928	86.6714575183412	87.2575654340198	87.8413096824801	88.4312097171519	89.013424638627
258	"French Polynesia"	79.45	80.28	81.07	81.83	82.56	83.27	83.95	84.61	85.26	85.91	86.52	87.13	87.75	88.35	88.94	89.54	90.11
882	"Samoa"	78.55	79.59	80.57	81.46	82.3	83.09	83.84	84.56	85.25	85.92	86.57	87.18	87.81	88.43	89.03	89.62	90.22
776	"Tonga"	76.3	77.03	77.73	78.39	79.05	79.68	80.32	80.92	81.54	82.14	82.72	83.32	83.9	84.48	85.02	85.59	86.15
