"country_code"	"name"	"2015-2020"	"2020-2025"	"2025-2030"	"2030-2035"	"2035-2040"	"2040-2045"	"2045-2050"	"2050-2055"	"2055-2060"	"2060-2065"	"2065-2070"	"2070-2075"	"2075-2080"	"2080-2085"	"2085-2090"	"2090-2095"	"2095-2100"
4	"Afghanistan"	64.2998	66.4746	68.2237	69.7111	70.9311	72.0217	73.0382	74.025	74.9895	75.9202	76.851	77.7644	78.7527	79.6902	80.6633	81.621	82.5684
8	"Albania"	77.4943	78.8682	80.1391	81.374	82.5656	83.6564	84.5634	85.3241	86.0418	86.7386	87.4515	88.1492	88.8284	89.5029	90.1609	90.8405	91.4808
12	"Algeria"	76.2082	77.6967	79.0135	80.2511	81.4345	82.5578	83.6431	84.6107	85.4151	86.1538	86.8718	87.5576	88.2287	88.9078	89.5974	90.2447	90.8919
24	"Angola"	60.1719	62.1236	63.7821	65.2735	66.5727	67.7023	68.7036	69.6802	70.591	71.4678	72.3525	73.268	74.1611	75.105	75.9828	76.9463	77.874
28	"Antigua and Barbuda"	75.0711	76.3478	77.5331	78.6703	79.8039	80.948	82.0485	83.069	83.9907	84.8131	85.5113	86.1493	86.8107	87.4689	88.0911	88.76	89.4093
32	"Argentina"	74.0037	75.3975	76.7159	77.9854	79.2588	80.4683	81.5644	82.5095	83.3198	84.092	84.8024	85.4858	86.1473	86.813	87.4725	88.1165	88.7674
51	"Armenia"	72.5135	73.858	75.1006	76.3088	77.5134	78.6755	79.8271	80.9377	82.0177	82.9885	83.8323	84.5855	85.2584	85.9435	86.6179	87.2481	87.9134
533	"Aruba"	74.5584	75.7524	76.8604	77.924	78.9675	79.9599	80.9914	81.9693	82.9375	83.8092	84.5676	85.2235	85.8269	86.4407	87.0242	87.6376	88.2486
36	"Australia"	82.0731	83.2074	84.1182	84.9271	85.6848	86.4368	87.1757	87.8834	88.6002	89.2991	90.002	90.7054	91.3964	92.0821	92.7751	93.463	94.1466
40	"Austria"	80.3157	81.7795	82.8965	83.8234	84.6344	85.412	86.136	86.881	87.5762	88.2951	89.0136	89.6917	90.4004	91.0799	91.7598	92.4166	93.0968
31	"Azerbaijan"	70.1203	71.15	72.0738	72.9869	73.9373	74.8622	75.8047	76.72	77.6996	78.6875	79.6922	80.7235	81.7232	82.638	83.4636	84.2289	84.9109
44	"Bahamas"	73.7979	75.1198	76.3153	77.4978	78.6778	79.8205	80.9451	82.0698	83.0344	83.8959	84.6829	85.3797	86.0346	86.6882	87.3238	87.9913	88.6165
48	"Bahrain"	77.2236	78.3056	79.2902	80.2069	81.0999	81.9959	82.8687	83.7064	84.4873	85.2245	85.8346	86.4374	87.0722	87.6829	88.3155	88.9123	89.5362
50	"Bangladesh"	72.5318	74.4611	76.1206	77.6398	79.0282	80.3752	81.6713	82.8735	83.9753	84.8741	85.6691	86.4291	87.1623	87.866	88.5657	89.2161	89.8923
52	"Barbados"	74.6797	75.9397	77.0981	78.227	79.3597	80.4765	81.5593	82.6122	83.5693	84.4268	85.1679	85.8186	86.4693	87.1069	87.7706	88.4157	89.0883
112	"Belarus"	68.5292	69.9985	71.3676	72.6891	73.9896	75.2576	76.5144	77.7916	78.8708	79.9088	80.8026	81.5955	82.348	83.0598	83.7196	84.356	85.0026
56	"Belgium"	79.8749	81.3486	82.5736	83.5513	84.4094	85.1808	85.897	86.6204	87.301	87.9817	88.6696	89.348	90.0302	90.6935	91.3475	91.9986	92.6655
84	"Belize"	69.1066	70.3754	71.4979	72.5579	73.5856	74.5765	75.5746	76.6266	77.6656	78.6634	79.6801	80.7082	81.7408	82.66	83.5339	84.2975	84.9695
204	"Benin"	61.0637	62.7335	64.1355	65.3027	66.3201	67.2315	68.0426	68.7942	69.5003	70.1761	70.8649	71.5412	72.1746	72.8444	73.612	74.3773	75.1671
64	"Bhutan"	71.6117	73.5596	75.1203	76.5034	77.7513	78.9403	80.028	81.1229	82.1376	83.1548	84.0434	84.8483	85.5602	86.2446	86.9002	87.5856	88.24
68	"Bolivia (Plurinational State of)"	68.3298	70.3908	72.1873	73.7767	75.2206	76.5863	77.8535	79.0454	80.2653	81.4419	82.5333	83.4631	84.2738	84.9961	85.6481	86.2699	86.8887
70	"Bosnia and Herzegovina"	75.6232	77.0139	78.2791	79.5375	80.754	81.9653	83.0577	83.9792	84.7754	85.492	86.1744	86.8514	87.5265	88.1751	88.8452	89.5098	90.1516
72	"Botswana"	66.8187	69.3256	71.1094	72.5896	73.9404	75.2674	76.5915	77.8954	79.1915	80.2865	81.2791	82.2565	83.3034	84.238	85.0922	85.8841	86.5906
76	"Brazil"	73.2023	74.8604	76.3874	77.8408	79.2848	80.6492	81.7976	82.7912	83.6559	84.4471	85.2057	85.919	86.6312	87.3235	88.0206	88.7081	89.4081
96	"Brunei Darussalam"	76.8515	78.0766	79.2211	80.3008	81.3777	82.4397	83.4247	84.3387	85.1117	85.765	86.4377	87.1009	87.747	88.4062	89.0316	89.6778	90.3221
100	"Bulgaria"	72.5234	73.7253	74.849	75.9003	76.967	78.0473	79.1188	80.1788	81.2175	82.1747	83.0152	83.7805	84.4659	85.0936	85.6992	86.274	86.8808
854	"Burkina Faso"	61.4541	64.0504	66.3319	68.2912	69.9313	71.3598	72.58	73.7157	74.7826	75.8353	76.9064	77.8804	78.8485	79.8063	80.783	81.7911	82.696
108	"Burundi"	57.3695	59.7951	62.0564	64.1348	65.9612	67.6367	69.0949	70.4462	71.6478	72.7946	73.8945	75.0303	76.1122	77.1791	78.2715	79.3648	80.389
132	"Cabo Verde"	72.1009	73.468	74.6844	75.8151	76.942	78.02	79.1343	80.1902	81.2206	82.2923	83.3002	84.1882	84.9177	85.5915	86.2491	86.8884	87.5244
116	"Cambodia"	68.3897	70.4113	72.1496	73.6781	75.0723	76.36	77.6181	78.8675	80.0232	81.165	82.2687	83.2757	84.1635	84.8996	85.5628	86.2152	86.8342
120	"Cameroon"	59.1003	62.0494	64.6324	67.0139	69.1302	71.0196	72.7463	74.4763	75.9553	77.3627	78.7286	80.1239	81.5082	82.6593	83.8004	84.859	85.8349
124	"Canada"	81.5699	82.9182	83.9321	84.7944	85.5623	86.2983	87.0132	87.7075	88.3996	89.098	89.7793	90.4486	91.115	91.7956	92.4319	93.0998	93.7442
140	"Central African Republic"	52.7983	55.9591	58.9502	61.8753	64.4871	66.8975	69.0938	71.2507	73.4037	75.2977	77.0278	78.5751	80.0255	81.3429	82.6602	83.7962	84.7528
148	"Chad"	53.4339	55.6809	57.7503	59.7416	61.6668	63.4982	65.1632	66.7165	68.1191	69.4084	70.57	71.6527	72.7285	73.7714	74.7862	75.7964	76.7869
830	"Channel Islands"	80.4661	81.7801	83.0401	84.0547	84.8934	85.623	86.3278	87.0235	87.7125	88.3921	89.0516	89.723	90.4045	91.0536	91.7208	92.3781	93.0083
152	"Chile"	78.2244	79.7959	81.2826	82.5714	83.6038	84.4927	85.3014	86.0339	86.7568	87.4576	88.1646	88.8384	89.5293	90.1858	90.8393	91.5071	92.1715
156	"China"	76.0318	77.2817	78.397	79.4945	80.5363	81.5842	82.5647	83.5301	84.4385	85.2033	85.8457	86.5041	87.1773	87.8239	88.4554	89.0832	89.735
344	"China, Hong Kong SAR"	81.8392	82.8175	83.7062	84.5447	85.3795	86.168	86.9605	87.7069	88.4553	89.1887	89.8989	90.5993	91.3211	92.0381	92.7259	93.4217	94.1322
446	"China, Macao SAR"	81.7011	82.7032	83.6325	84.4995	85.3379	86.1541	86.9424	87.7036	88.4752	89.2046	89.9224	90.6583	91.3523	92.0933	92.7912	93.4924	94.1775
158	"China, Taiwan Province of China"	78.3705	79.8856	81.2891	82.4338	83.3631	84.1905	84.962	85.6973	86.4302	87.125	87.8324	88.5215	89.2072	89.89	90.5612	91.2493	91.919
170	"Colombia"	72.1363	73.5671	74.8895	76.1456	77.4102	78.6596	79.88	81.0575	82.123	83.0188	83.8348	84.6009	85.2824	85.9662	86.6251	87.2602	87.8972
174	"Comoros"	63.481	64.9884	66.2398	67.3472	68.2679	69.142	69.9418	70.6637	71.4174	72.1242	72.8942	73.5834	74.4292	75.2065	76.0066	76.8868	77.7628
178	"Congo"	65.0401	67.6846	69.8767	71.8011	73.4382	74.8219	76.1243	77.4073	78.8206	80.1512	81.3894	82.4583	83.4788	84.4573	85.4646	86.3942	87.2788
188	"Costa Rica"	78.703	80.2149	81.6519	82.8774	83.8565	84.7173	85.4764	86.1868	86.9052	87.586	88.2506	88.9159	89.5641	90.2352	90.8691	91.5195	92.1819
384	"C~A'te d'Ivoire"	54.3687	57.3292	59.9023	62.1196	64.0431	65.653	67.024	68.2205	69.3185	70.3319	71.2667	72.2053	73.144	74.1319	75.1178	76.1448	77.1831
191	"Croatia"	75.5312	76.9675	78.2968	79.5875	80.8717	81.9751	82.9179	83.7787	84.5279	85.2217	85.8876	86.5379	87.2183	87.8626	88.4988	89.1579	89.8168
192	"Cuba"	78.9839	80.4056	81.7139	82.9435	83.9799	84.8479	85.591	86.2874	86.9753	87.6644	88.3685	89.0369	89.6878	90.354	91.0229	91.6582	92.3167
531	"Cura~ASSao"	76.4014	77.8327	79.1851	80.4606	81.6837	82.7325	83.6006	84.3923	85.1023	85.7988	86.4663	87.1401	87.8085	88.4674	89.1123	89.7779	90.419
196	"Cyprus"	79.5152	80.907	82.2335	83.3422	84.2941	85.0822	85.7901	86.4869	87.1799	87.858	88.5374	89.2379	89.916	90.5684	91.2089	91.8598	92.5266
203	"Czechia"	76.9432	78.3112	79.5966	80.8481	82.0153	83.0142	83.8571	84.6145	85.2987	85.9648	86.6366	87.2708	87.9218	88.58	89.2124	89.8772	90.5256
408	"Dem. People's Republic of Korea"	69.4508	71.0326	72.4023	73.6935	74.9667	76.2148	77.4428	78.6165	79.7767	80.9524	81.9891	82.9046	83.7446	84.4805	85.1775	85.8222	86.4674
180	"Democratic Republic of the Congo"	60.0003	62.6043	64.9906	67.1034	69.0092	70.6809	72.1355	73.4642	74.7633	75.9732	77.1534	78.3329	79.4156	80.5496	81.6542	82.6596	83.5863
208	"Denmark"	79.8802	81.2342	82.5008	83.6282	84.4983	85.2647	85.9608	86.6435	87.3271	88.0166	88.6911	89.3572	90.0108	90.6658	91.3353	91.9612	92.6406
262	"Djibouti"	62.2381	63.71	64.9506	66.0451	67.1017	68.0413	68.9198	69.7786	70.5607	71.3753	72.1763	73.0589	73.9451	74.8881	75.879	76.8988	77.9885
214	"Dominican Republic"	72.1463	73.5394	74.8283	76.081	77.3067	78.5288	79.6774	80.8656	81.995	82.9693	83.8465	84.6369	85.2997	85.9666	86.6675	87.3156	87.9843
218	"Ecuador"	74.9895	76.5825	78.0447	79.4432	80.7618	82.0523	83.1318	84.0866	84.8767	85.6382	86.351	87.0473	87.7194	88.4114	89.1121	89.7805	90.4257
818	"Egypt"	70.6071	71.861	72.9803	74.0427	75.0642	76.0547	77.0396	78.076	79.0915	80.0972	81.1034	82.1491	83.0774	83.9617	84.703	85.3643	85.9938
222	"El Salvador"	70.2129	71.9349	73.5125	75.01	76.5063	77.9444	79.2733	80.4194	81.4236	82.3159	83.1301	83.8796	84.6185	85.3097	85.9805	86.6512	87.3086
226	"Equatorial Guinea"	58.1417	60.664	63.5458	66.2656	68.6162	70.6982	72.5996	74.3579	75.8578	77.2889	78.7591	80.2288	81.6902	82.9846	84.196	85.3644	86.5533
232	"Eritrea"	64.9088	67.5041	69.6392	71.4488	73.0497	74.5031	75.8866	77.222	78.4819	79.7199	80.9679	82.0938	83.102	83.9749	84.7904	85.5138	86.1762
233	"Estonia"	73.9364	75.5481	77.0508	78.4757	79.6943	80.6742	81.5858	82.3837	83.1295	83.858	84.5506	85.252	85.9335	86.5998	87.3035	87.9569	88.5909
231	"Ethiopia"	65.3089	67.735	69.7477	71.421	72.9217	74.2483	75.5108	76.7301	77.861	78.9573	80.0636	81.1527	82.1692	83.1337	83.9369	84.6859	85.3312
242	"Fiji"	68.6447	69.8131	70.8408	71.8305	72.8209	73.7917	74.7506	75.7408	76.7576	77.7418	78.7712	79.8174	80.818	81.8395	82.744	83.591	84.3151
246	"Finland"	79.6453	81.0764	82.1549	83.0494	83.8941	84.6513	85.3862	86.1163	86.8236	87.537	88.2348	88.9347	89.6092	90.3143	90.9873	91.6631	92.3057
250	"France"	80.4836	81.5453	82.4535	83.306	84.1059	84.8726	85.6114	86.3561	87.0837	87.8009	88.491	89.1714	89.8701	90.5462	91.2278	91.8996	92.5727
254	"French Guiana"	78.1944	79.8231	81.2259	82.2867	83.2176	84.0879	84.8864	85.6606	86.3956	87.1249	87.8685	88.5803	89.3176	90.0107	90.6889	91.361	92.0522
258	"French Polynesia"	75.9204	77.3334	78.6601	79.952	81.1836	82.3905	83.4709	84.4015	85.2081	85.9123	86.6446	87.3552	88.0375	88.7218	89.4086	90.0648	90.7334
266	"Gabon"	66.3526	68.4973	70.5468	72.1709	73.5428	74.7308	75.9335	77.1786	78.382	79.5386	80.5426	81.5078	82.4182	83.295	84.1224	84.933	85.7285
270	"Gambia"	61.4528	62.9835	64.1915	65.2773	66.1768	66.9939	67.7603	68.4402	69.1092	69.7402	70.3127	70.9191	71.5445	72.1652	72.8256	73.5299	74.2601
268	"Georgia"	70.3272	71.655	72.909	74.0947	75.3031	76.4818	77.631	78.824	80.0049	81.0558	81.9958	82.8292	83.5827	84.2837	84.9314	85.5957	86.2175
276	"Germany"	79.8214	81.2622	82.5095	83.5052	84.3458	85.1418	85.8624	86.5951	87.2886	87.993	88.6635	89.3612	90.0364	90.705	91.3942	92.0532	92.7058
288	"Ghana"	63.3407	65.227	66.842	68.2778	69.5316	70.6706	71.6611	72.6293	73.5345	74.4944	75.4406	76.372	77.3033	78.2107	79.1779	80.1149	81.0703
300	"Greece"	79.89	81.3648	82.5215	83.4494	84.2838	85.0435	85.7786	86.4991	87.2277	87.9274	88.6315	89.2964	90.0013	90.6582	91.3269	92.0116	92.6682
308	"Grenada"	72.4112	73.5359	74.588	75.6216	76.6027	77.5887	78.6043	79.5959	80.6072	81.6143	82.5928	83.5172	84.3259	85.0485	85.7089	86.3521	86.9891
312	"Guadeloupe"	79.0409	80.4153	81.4805	82.4247	83.3063	84.1351	84.9358	85.7209	86.4964	87.2544	87.9859	88.7209	89.4225	90.1354	90.8379	91.5239	92.2181
316	"Guam"	78.3668	79.8744	81.3272	82.6039	83.6693	84.5666	85.3679	86.1505	86.8978	87.6152	88.3175	89.0272	89.7205	90.4311	91.1076	91.7781	92.4338
320	"Guatemala"	71.6189	73.3508	74.9018	76.3688	77.7757	79.1648	80.5045	81.7256	82.7858	83.7243	84.523	85.2579	85.9718	86.6705	87.3506	88.038	88.7235
324	"Guinea"	61.6755	65.0021	67.9138	70.3686	72.3399	73.9975	75.48	76.7914	78.0227	79.2116	80.3553	81.5363	82.5952	83.5702	84.4355	85.1798	85.852
624	"Guinea-Bissau"	57.6007	60.1078	62.3828	64.4395	66.3048	67.9797	69.3807	70.7113	71.9018	73.0513	74.1172	75.1591	76.2432	77.3043	78.4016	79.4293	80.52
328	"Guyana"	65.6099	66.5992	67.399	68.179	68.9015	69.5832	70.2611	70.9418	71.6494	72.3731	73.1407	73.9186	74.7908	75.6697	76.6016	77.5597	78.5199
332	"Haiti"	62.8044	64.5824	66.1587	67.5013	68.6728	69.7402	70.6853	71.6429	72.6021	73.5851	74.4962	75.4485	76.4094	77.363	78.3402	79.3292	80.3322
340	"Honduras"	72.4184	73.8152	75.0962	76.2915	77.4243	78.5764	79.7158	80.8379	81.9043	82.9434	83.8604	84.6333	85.3579	86.0073	86.6661	87.3027	87.9287
348	"Hungary"	73.4626	74.7531	75.9426	77.0846	78.2616	79.4197	80.5314	81.5888	82.5237	83.3992	84.13	84.8045	85.4532	86.0652	86.7039	87.3511	87.993
352	"Iceland"	82.3983	83.6701	84.6297	85.434	86.1542	86.875	87.5644	88.2462	88.9239	89.588	90.2472	90.9013	91.5622	92.1777	92.8296	93.4852	94.1284
356	"India"	68.6273	70.1902	71.4663	72.6136	73.7043	74.705	75.733	76.7279	77.7494	78.7187	79.744	80.77	81.7731	82.7431	83.6163	84.455	85.1599
360	"Indonesia"	68.4663	69.5949	70.578	71.4908	72.352	73.1981	74.0751	74.9372	75.8164	76.714	77.632	78.5377	79.4904	80.4324	81.4198	82.3535	83.2304
364	"Iran (Islamic Republic of)"	76.1166	77.5749	78.9267	80.1752	81.349	82.5072	83.5821	84.5549	85.3872	86.1193	86.8375	87.5717	88.2598	88.9327	89.6058	90.2832	90.9126
368	"Iraq"	68.9131	70.0796	71.0927	72.0413	72.9456	73.8803	74.7705	75.6925	76.6069	77.5415	78.4531	79.4054	80.3958	81.3799	82.3169	83.2387	84.0413
372	"Ireland"	80.6108	82.073	83.287	84.2455	85.0793	85.8461	86.5982	87.31	88.0453	88.7512	89.4549	90.134	90.8215	91.4983	92.1759	92.8579	93.5107
376	"Israel"	81.8518	83.2146	84.2393	85.073	85.8406	86.5895	87.3416	88.0699	88.7949	89.4996	90.186	90.873	91.5542	92.2744	92.9572	93.6324	94.2961
380	"Italy"	81.7382	82.8349	83.7464	84.6042	85.3904	86.1481	86.8993	87.6522	88.3634	89.0861	89.7915	90.4713	91.1752	91.8453	92.5315	93.2086	93.8794
388	"Jamaica"	74.7743	75.9627	77.0708	78.125	79.1746	80.2112	81.2664	82.2959	83.2835	84.1194	84.8622	85.5021	86.149	86.7673	87.374	88.0164	88.6428
392	"Japan"	81.345	82.3135	83.1891	84.0296	84.8298	85.5771	86.354	87.0948	87.8479	88.5662	89.2832	89.9882	90.6965	91.3869	92.0693	92.7397	93.433
400	"Jordan"	73.9069	75.0433	76.0663	77.0712	78.015	78.9948	79.9605	80.9189	81.8627	82.8142	83.7261	84.55	85.2215	85.8597	86.4761	87.0823	87.7121
398	"Kazakhstan"	66.309	67.7597	69.044	70.3196	71.5795	72.8062	74.0017	75.1716	76.4018	77.5699	78.7267	79.8509	80.8077	81.7255	82.5412	83.3037	83.9928
404	"Kenya"	66.3621	68.3984	70.5685	72.582	74.1799	75.6074	76.9856	78.3444	79.543	80.6363	81.4586	82.1416	82.6245	83.0522	83.3957	83.7236	84.122
296	"Kiribati"	64.461	65.7843	66.9045	67.9037	68.8377	69.7672	70.644	71.5386	72.4164	73.3736	74.2933	75.2796	76.2113	77.2071	78.1864	79.2205	80.2037
414	"Kuwait"	74.9835	75.9516	76.8111	77.6592	78.5096	79.3248	80.1504	80.9824	81.8191	82.6593	83.4746	84.2281	84.9193	85.544	86.1228	86.7238	87.333
417	"Kyrgyzstan"	68.1747	69.4149	70.6087	71.7026	72.8016	73.9102	75.0035	76.0766	77.2094	78.3594	79.4952	80.5456	81.5427	82.4032	83.1971	83.943	84.6308
418	"Lao People's Democratic Republic"	66.7812	68.8058	70.49	71.9563	73.2824	74.5034	75.6837	76.7988	77.893	78.9891	80.0731	81.151	82.149	83.0989	83.9604	84.721	85.3495
428	"Latvia"	70.7057	72.1123	73.4199	74.6995	75.9911	77.2377	78.451	79.5671	80.5344	81.4358	82.2309	82.9961	83.6903	84.3287	84.9512	85.5435	86.1782
422	"Lebanon"	79.1444	80.5445	81.8491	83.114	84.1936	85.0673	85.8179	86.5612	87.285	88.012	88.7286	89.4284	90.1284	90.8352	91.4916	92.1628	92.8464
426	"Lesotho"	53.7727	56.5097	59.4795	62.3812	65.2524	67.9549	70.3001	72.2109	73.9266	75.4932	77.0959	78.5995	79.9282	81.2328	82.4614	83.6665	84.8653
430	"Liberia"	63.5543	66.4613	68.9621	71.0688	72.8224	74.3606	75.7749	77.0558	78.3357	79.5131	80.6231	81.7522	82.8217	83.7755	84.6415	85.3594	86.0147
434	"Libya"	70.535	71.685	72.7701	73.7778	74.797	75.7831	76.7613	77.7482	78.7561	79.741	80.7534	81.7715	82.7326	83.5964	84.3412	85.0042	85.6083
440	"Lithuania"	70.3736	71.81	73.1306	74.4237	75.6973	76.9663	78.1326	79.2395	80.1798	81.0352	81.8216	82.5442	83.2246	83.8739	84.4995	85.082	85.6687
442	"Luxembourg"	80.6772	82.1218	83.2296	84.1374	84.9324	85.6862	86.4256	87.1401	87.8492	88.5501	89.2526	89.944	90.6582	91.3514	92.0042	92.6753	93.3436
450	"Madagascar"	66.1421	68.3635	70.2339	71.8074	73.2356	74.5171	75.7487	76.9472	78.1159	79.254	80.4031	81.507	82.5626	83.5443	84.403	85.1426	85.7884
454	"Malawi"	62.5474	65.4532	68.6418	71.2558	73.34	75.1688	76.6989	78.2116	79.611	80.9264	81.9953	83.0737	84.0598	85.002	85.849	86.4717	87.0228
458	"Malaysia"	74.3901	75.6419	76.8023	77.8995	78.9995	80.0885	81.1915	82.2693	83.2857	84.16	84.9284	85.6244	86.2637	86.922	87.5623	88.1967	88.8274
462	"Maldives"	77.9411	79.6943	81.2137	82.5754	83.7954	84.8365	85.6881	86.4484	87.2154	87.9516	88.6512	89.3442	90.0315	90.6789	91.3373	91.9873	92.6242
466	"Mali"	59.3398	62.1939	64.7075	66.8524	68.6875	70.1933	71.5189	72.6759	73.75	74.6806	75.6871	76.6633	77.5876	78.5446	79.4761	80.487	81.4583
470	"Malta"	80.3497	81.6927	82.9387	84.0472	84.9304	85.6865	86.4052	87.1095	87.8016	88.4974	89.174	89.84	90.5178	91.1828	91.8228	92.4962	93.1492
474	"Martinique"	79.9352	81.1413	82.1691	83.0906	83.9618	84.7923	85.5832	86.3499	87.1175	87.8781	88.5897	89.3145	90.0384	90.7235	91.4245	92.12	92.7971
478	"Mauritania"	63.0436	64.1502	65.0702	65.9089	66.6295	67.3328	67.9675	68.5378	69.0977	69.6978	70.2388	70.8254	71.3553	71.9845	72.6346	73.3039	73.9805
480	"Mauritius"	72.483	73.7785	74.9929	76.1765	77.3099	78.4572	79.6171	80.7404	81.8171	82.7846	83.614	84.3628	85.0356	85.6781	86.3462	86.9441	87.6327
175	"Mayotte"	78.1927	79.8811	81.1717	82.2308	83.1302	83.9752	84.7785	85.5499	86.3118	87.0525	87.7739	88.4964	89.208	89.8926	90.6075	91.2872	91.9554
484	"Mexico"	76.0018	77.4315	78.7514	80.0376	81.2713	82.4989	83.5009	84.3975	85.1754	85.882	86.5776	87.2802	87.962	88.6177	89.2972	89.9256	90.5796
583	"Micronesia (Fed. States of)"	69.2586	70.1348	70.848	71.5067	72.1206	72.7361	73.3459	73.98	74.6312	75.3221	76.0429	76.7508	77.4998	78.3158	79.1205	79.9553	80.8188
496	"Mongolia"	66.6229	68.129	69.4926	70.7978	72.0651	73.3048	74.5223	75.7124	76.9559	78.1219	79.3225	80.4324	81.4227	82.3068	83.1194	83.8518	84.5456
499	"Montenegro"	75.9068	77.2825	78.5614	79.7881	80.9757	82.1232	83.1952	84.1245	84.8967	85.5866	86.2333	86.875	87.5298	88.1397	88.7916	89.4127	90.0465
504	"Morocco"	75.9726	77.5645	78.9918	80.3084	81.5493	82.7227	83.8147	84.7769	85.5643	86.3198	87.0682	87.7895	88.4784	89.1358	89.8128	90.478	91.1713
508	"Mozambique"	58.4147	61.1058	63.6528	66.0169	68.1131	70.0621	71.8639	73.8301	75.5109	77.1151	78.5673	79.9737	81.2653	82.4596	83.3511	84.0504	84.7308
104	"Myanmar"	65.5144	66.6306	67.5831	68.4041	69.1822	69.9234	70.6451	71.3642	72.077	72.8452	73.6111	74.436	75.2922	76.1641	77.0268	77.9143	78.8648
516	"Namibia"	63.2483	65.4308	67.75	69.8153	71.6387	73.2961	74.8687	76.2887	77.5488	78.7185	79.7783	80.7678	81.8133	82.7707	83.7697	84.8098	85.7702
524	"Nepal"	70.3673	72.282	73.8996	75.3506	76.7044	77.9108	79.1045	80.3004	81.4435	82.5704	83.5656	84.4722	85.2399	85.9112	86.6019	87.2862	87.9803
528	"Netherlands"	81.1642	82.5503	83.6858	84.5886	85.3327	86.0271	86.7072	87.3941	88.0646	88.7191	89.3661	90.0236	90.6704	91.2959	91.91	92.5299	93.167
540	"New Caledonia"	75.6343	77.0872	78.4387	79.7709	81.0445	82.259	83.3001	84.1826	84.97	85.6836	86.3724	87.0731	87.7473	88.4027	89.0827	89.7326	90.3882
554	"New Zealand"	81.2981	82.6561	83.7948	84.7107	85.4954	86.2138	86.9262	87.6479	88.3258	89.0059	89.7031	90.3814	91.0607	91.7342	92.3982	93.0936	93.7761
558	"Nicaragua"	73.7591	75.5034	77.0728	78.5558	80.0308	81.4212	82.5978	83.6129	84.4756	85.2516	85.9706	86.7007	87.3986	88.1109	88.8153	89.4929	90.1805
562	"Niger"	60.7455	62.997	64.9685	66.6609	68.1457	69.4669	70.5899	71.6369	72.5865	73.4776	74.3909	75.2394	76.141	76.9967	77.8962	78.7685	79.744
566	"Nigeria"	54.6616	57.4945	60.1552	62.6622	64.9595	67.046	68.9073	70.4863	71.8853	73.122	74.2974	75.4499	76.5047	77.6194	78.697	79.7641	80.8056
578	"Norway"	81.3803	82.7411	83.7638	84.6242	85.3688	86.0867	86.8079	87.5063	88.2029	88.8747	89.5446	90.2119	90.881	91.5236	92.1675	92.8202	93.4828
512	"Oman"	76.6674	78.2891	79.7599	81.1737	82.5167	83.7112	84.6761	85.5164	86.286	87.0542	87.7829	88.4983	89.1963	89.885	90.5767	91.2246	91.9168
586	"Pakistan"	66.7641	67.8426	68.778	69.6305	70.4169	71.2	71.9574	72.7279	73.5378	74.373	75.2463	76.1781	77.1575	78.15	79.1943	80.2826	81.3967
591	"Panama"	76.3463	77.8719	79.2992	80.6657	81.9203	82.9606	83.8409	84.649	85.379	86.0745	86.7764	87.4685	88.1517	88.8114	89.4879	90.1384	90.8148
598	"Papua New Guinea"	64.4992	65.6726	66.6515	67.5111	68.34	69.0601	69.7904	70.4373	71.1485	71.8566	72.6347	73.3385	74.1324	74.9448	75.8094	76.6671	77.5888
600	"Paraguay"	72.1622	73.1122	73.9896	74.8447	75.6946	76.5245	77.4062	78.3023	79.2189	80.103	81.0564	82.016	82.9501	83.7982	84.5377	85.2182	85.8381
604	"Peru"	73.774	75.3944	76.857	78.2491	79.6146	80.9224	82.1385	83.2098	84.1375	84.9678	85.7	86.4048	87.1013	87.7635	88.4641	89.1387	89.7896
608	"Philippines"	67.086	68.1911	69.1825	70.1341	71.0768	71.9812	72.9063	73.8595	74.8261	75.7542	76.7419	77.7288	78.8214	79.8466	80.8743	81.8289	82.6929
616	"Poland"	74.8315	76.3031	77.6697	78.9971	80.2441	81.2837	82.2077	83.026	83.7786	84.4769	85.1435	85.8111	86.4676	87.1303	87.7737	88.4089	89.0703
620	"Portugal"	79.3984	80.9145	82.034	82.964	83.8069	84.6162	85.3875	86.1438	86.8848	87.6202	88.3435	89.0663	89.7566	90.4509	91.1187	91.8103	92.5163
630	"Puerto Rico"	77.2446	78.8713	80.1118	81.1026	81.9599	82.7638	83.5357	84.2589	84.9747	85.674	86.3927	87.0789	87.7691	88.4486	89.1181	89.7848	90.4396
634	"Qatar"	78.5935	79.8175	80.9303	82.001	82.9916	83.9478	84.8059	85.5234	86.1713	86.8341	87.4751	88.1092	88.746	89.3933	90.0134	90.6555	91.2576
410	"Republic of Korea"	80.0439	81.2941	82.3484	83.3033	84.211	85.0826	85.9104	86.7147	87.5005	88.2925	89.0687	89.7845	90.516	91.2274	91.9482	92.6485	93.36
498	"Republic of Moldova"	68.4671	69.6985	70.8174	71.9204	73.0009	74.0773	75.1472	76.2692	77.3386	78.465	79.6043	80.6768	81.6255	82.4927	83.245	83.9975	84.6698
638	"R~A(c)union"	78.1941	79.8657	81.1502	82.1957	83.0982	83.9433	84.7501	85.5309	86.2875	87.0214	87.7529	88.4677	89.1662	89.8578	90.5667	91.2543	91.9455
642	"Romania"	73.135	74.4318	75.634	76.8278	78.011	79.1805	80.3229	81.4024	82.4051	83.2684	84.0586	84.7763	85.4449	86.0837	86.7178	87.3499	87.964
643	"Russian Federation"	66.6382	68.0615	69.3385	70.5988	71.7746	73	74.2134	75.3934	76.5899	77.7527	78.8449	79.8703	80.7243	81.5478	82.2973	82.9853	83.6438
646	"Rwanda"	66.8359	68.871	70.7689	72.3398	73.6835	74.828	75.9214	76.9269	77.8991	78.6171	79.1925	79.577	80.0562	80.5421	81.1197	81.7436	82.4192
662	"Saint Lucia"	74.1573	75.6166	76.946	78.1784	79.4388	80.6724	81.8449	82.9438	83.8703	84.692	85.4118	86.1166	86.7952	87.429	88.1084	88.7705	89.4191
670	"Saint Vincent and the Grenadines"	72.261	73.2478	74.1613	75.0669	75.9335	76.8076	77.7113	78.656	79.6031	80.5066	81.4639	82.3569	83.2065	84.0114	84.7774	85.374	85.9591
882	"Samoa"	73.3676	75.0305	76.5815	78.0359	79.4311	80.7887	82.0379	83.0777	83.9888	84.8049	85.5706	86.2777	86.9962	87.6804	88.3628	89.0319	89.712
678	"Sao Tome and Principe"	65.7702	66.8269	67.7385	68.5138	69.2336	69.8854	70.519	71.1969	71.848	72.5373	73.2719	74.031	74.7886	75.6072	76.4079	77.2852	78.2125
682	"Saudi Arabia"	74.5515	75.7892	76.8766	77.932	78.9191	79.9109	80.8854	81.8661	82.8101	83.7196	84.542	85.2478	85.8601	86.4968	87.1198	87.7385	88.3596
686	"Senegal"	66.8593	68.9552	70.6286	72.0818	73.3919	74.5996	75.7631	76.9289	78.0762	79.2267	80.3566	81.47	82.4894	83.4666	84.2761	84.9905	85.6704
688	"Serbia"	73.5726	74.7982	75.9291	77.0225	78.1133	79.2206	80.2813	81.3374	82.3545	83.2917	84.1058	84.8374	85.4839	86.11	86.7393	87.3531	88.0111
690	"Seychelles"	70.6015	71.9917	73.3017	74.5623	75.7988	77.0005	78.2441	79.4091	80.5081	81.4521	82.3287	83.0876	83.8022	84.4791	85.1295	85.7388	86.3433
694	"Sierra Leone"	52.9833	55.4089	57.5907	59.5412	61.302	62.8585	64.2477	65.4693	66.5549	67.517	68.3631	69.1558	69.8333	70.5378	71.141	71.7721	72.412
702	"Singapore"	81.9928	83.1225	84.068	84.9488	85.7781	86.5774	87.3269	88.0741	88.8173	89.5463	90.2623	91.0009	91.7075	92.3924	93.1073	93.7725	94.4534
703	"Slovakia"	74.4183	75.7198	76.9709	78.1682	79.3438	80.5256	81.6	82.5378	83.3668	84.0948	84.7941	85.4252	86.0594	86.6821	87.2942	87.9393	88.5721
705	"Slovenia"	79.1903	80.6982	81.8803	82.8446	83.6804	84.4645	85.2212	85.9389	86.6628	87.364	88.0618	88.7641	89.4361	90.1122	90.7803	91.4914	92.1649
90	"Solomon Islands"	70.7952	72.5038	73.9484	75.3183	76.5302	77.711	78.8458	79.9497	81.0329	82.076	83.0607	83.99	84.7428	85.423	86.0159	86.6336	87.2233
706	"Somalia"	56.6694	59.2378	61.5727	63.7145	65.6071	67.2579	68.6956	69.9923	71.1599	72.256	73.3189	74.3439	75.3327	76.3373	77.3358	78.3532	79.3912
710	"South Africa"	61.4876	63.3997	65.1678	66.9278	68.6468	70.1807	71.6722	73.1337	74.6077	76.0672	77.5006	78.7549	79.8934	81.049	82.176	83.2349	84.2907
728	"South Sudan"	57.8153	60.7509	63.3791	65.7277	67.7615	69.5356	71.0506	72.3096	73.526	74.6424	75.8142	76.8608	77.8618	78.932	79.9434	80.9166	81.945
724	"Spain"	81.1311	82.1544	83.0436	83.8953	84.7198	85.4968	86.2535	87.0158	87.7652	88.4571	89.1781	89.8823	90.5875	91.2838	92.001	92.6653	93.3343
144	"Sri Lanka"	73.2499	74.7354	76.1034	77.3957	78.6942	79.9731	81.1763	82.2551	83.177	84.0048	84.7558	85.4556	86.1472	86.8209	87.4858	88.145	88.7643
275	"State of Palestine"	72.9191	74.1782	75.3236	76.4084	77.4311	78.4749	79.5027	80.5052	81.5508	82.5446	83.4645	84.3282	85.063	85.714	86.3404	86.955	87.5805
729	"Sudan"	64.3598	65.9072	67.2698	68.455	69.5836	70.5956	71.5451	72.4691	73.421	74.3128	75.2392	76.1696	77.1109	78.0572	79.041	80.0357	80.9941
740	"Suriname"	69.4341	70.5299	71.5337	72.512	73.4698	74.4482	75.3738	76.3389	77.3466	78.3407	79.3433	80.3641	81.386	82.32	83.1724	83.975	84.6529
748	"Swaziland"	56.5569	58.7913	61.3821	64.0268	66.5462	68.8355	70.8327	72.6443	74.2972	75.9157	77.3925	78.7893	80.0374	81.2473	82.308	83.5258	84.6152
752	"Sweden"	81.8481	83.1812	84.1797	85.0261	85.7881	86.5242	87.2267	87.9638	88.6373	89.3076	89.9816	90.6699	91.3298	91.9947	92.6418	93.3039	93.9753
756	"Switzerland"	82.2926	83.3328	84.2353	85.0424	85.8251	86.5888	87.3333	88.0606	88.7636	89.4754	90.1845	90.8801	91.5734	92.2472	92.9465	93.6381	94.2996
760	"Syrian Arab Republic"	66.9318	74.6977	77.6565	78.8223	79.8748	80.9274	81.7938	82.4917	83.0038	83.4786	83.9197	84.4126	84.9124	85.4912	86.0183	86.5711	87.2345
762	"Tajikistan"	69.5512	70.8165	72.0158	73.1676	74.2313	75.2875	76.3912	77.482	78.5934	79.6902	80.7697	81.7981	82.7816	83.6011	84.3784	85.0785	85.7419
807	"TFYR Macedonia"	74.9095	76.1369	77.2812	78.3471	79.431	80.51	81.5549	82.6186	83.5939	84.4579	85.1765	85.8296	86.4944	87.1434	87.7995	88.4596	89.1069
764	"Thailand"	72.9203	74.47	75.9312	77.3254	78.6603	79.9993	81.1808	82.2193	83.108	83.9358	84.6838	85.3973	86.0678	86.7192	87.3873	88.0545	88.6967
626	"Timor-Leste"	68.7596	70.4889	71.8808	73.1661	74.3013	75.3839	76.4575	77.4543	78.4824	79.4694	80.4451	81.4485	82.4201	83.3241	84.1606	84.8761	85.4996
768	"Togo"	61.0214	62.817	64.3582	65.6613	66.777	67.7426	68.6119	69.3887	70.0697	70.7609	71.4295	72.0572	72.7104	73.4073	74.1024	74.8068	75.5782
776	"Tonga"	71.2762	72.4334	73.5164	74.5444	75.5702	76.6365	77.7035	78.7776	79.8123	80.8813	81.9482	82.8761	83.7455	84.4936	85.1795	85.8056	86.4359
780	"Trinidad and Tobago"	68.4368	69.4584	70.3798	71.3098	72.2106	73.1034	73.998	74.9223	75.8715	76.871	77.812	78.7973	79.8175	80.7911	81.7856	82.6216	83.4088
788	"Tunisia"	75.0711	76.496	77.7441	78.9628	80.1113	81.2444	82.3131	83.3624	84.2786	85.0386	85.7002	86.3494	87.0008	87.6473	88.2841	88.9181	89.5449
792	"Turkey"	73.8907	75.6432	77.257	78.8123	80.2666	81.5901	82.6927	83.6225	84.4665	85.2688	86.0043	86.7447	87.4486	88.1383	88.8348	89.5106	90.1746
795	"Turkmenistan"	65.6045	66.6652	67.5973	68.4911	69.3087	70.1429	71.0239	71.8709	72.7059	73.5789	74.513	75.4604	76.3825	77.3442	78.3414	79.2934	80.342
800	"Uganda"	59.4137	61.9684	64.5219	66.8922	69.0564	71.1088	73.1219	74.8812	76.3461	77.7505	79.1517	80.4164	81.5397	82.4555	83.1204	83.6477	84.1198
804	"Ukraine"	68.1112	69.5543	70.8617	72.0985	73.3307	74.5417	75.7699	76.9501	78.1466	79.2934	80.3495	81.2412	82.0832	82.8092	83.5137	84.1959	84.8337
784	"United Arab Emirates"	77.755	78.926	80.0417	81.0747	82.0819	83.0156	83.9291	84.7544	85.4937	86.1688	86.8126	87.4877	88.1472	88.7736	89.4174	90.0462	90.6701
826	"United Kingdom"	80.8567	82.2572	83.4543	84.4177	85.2314	85.9584	86.6896	87.3943	88.095	88.7886	89.4654	90.1511	90.8133	91.4801	92.1393	92.813	93.4761
834	"United Republic of Tanzania"	66.3065	68.3388	70.0976	71.7037	73.1677	74.4864	75.8113	77.144	78.3829	79.5126	80.4997	81.3999	82.0964	82.6191	83.029	83.4006	83.7298
840	"United States of America"	78.2467	79.5678	80.8159	82.0157	83.1	84.0159	84.8091	85.4871	86.1575	86.7982	87.4492	88.1038	88.7412	89.387	90.0372	90.6919	91.3227
850	"United States Virgin Islands"	78.554	79.9974	81.3388	82.5852	83.6342	84.5378	85.3033	86.03	86.7529	87.4408	88.1425	88.834	89.5153	90.19	90.852	91.5356	92.2117
858	"Uruguay"	75.0452	76.4021	77.7009	78.938	80.1832	81.3397	82.3468	83.2249	83.9881	84.7142	85.4245	86.0479	86.7227	87.3954	88.0299	88.7118	89.3746
860	"Uzbekistan"	69.6857	70.7246	71.6855	72.5856	73.4758	74.3896	75.3017	76.2522	77.1784	78.13	79.1158	80.1106	81.1084	82.1082	83.0277	83.8209	84.5487
548	"Vanuatu"	71.4179	72.8422	74.1167	75.3012	76.4707	77.5854	78.7107	79.7876	80.8896	81.9648	82.9853	83.908	84.6973	85.4203	86.0914	86.7535	87.4308
862	"Venezuela (Bolivarian Republic of)"	71.8592	73.2535	74.6016	75.879	77.1489	78.3966	79.6179	80.7457	81.7507	82.6393	83.4384	84.1667	84.8613	85.5261	86.1841	86.8489	87.5032
704	"Viet Nam"	72.8273	74.4525	76.0011	77.4606	78.8131	79.9844	80.9614	81.8588	82.6383	83.3971	84.1107	84.8041	85.5068	86.1833	86.8432	87.5168	88.1771
732	"Western Sahara"	69.423	71.0828	72.5188	73.8184	75.0097	76.165	77.2819	78.3918	79.446	80.5337	81.6235	82.6672	83.6225	84.441	85.177	85.8318	86.5141
887	"Yemen"	64.9442	66.2568	67.3658	68.329	69.2377	70.0846	70.9039	71.6659	72.4675	73.2771	74.0957	74.9883	75.9938	76.9692	77.9456	79.0488	80.1002
894	"Zambia"	61.0624	63.6807	66.3602	68.9267	71.1415	73.1277	74.8451	76.5274	78.0626	79.5241	80.9718	82.3241	83.4983	84.5122	85.3251	86.0759	86.6789
716	"Zimbabwe"	61.1949	62.7968	65.0898	67.2898	69.2581	71.0199	72.7108	74.333	75.6724	76.9182	78.1897	79.3879	80.4359	81.4655	82.5376	83.6285	84.63
