"country_code"	"name"	"2015-2020"	"2020-2025"	"2025-2030"	"2030-2035"	"2035-2040"	"2040-2045"	"2045-2050"	"2050-2055"	"2055-2060"	"2060-2065"	"2065-2070"	"2070-2075"	"2075-2080"	"2080-2085"	"2085-2090"	"2090-2095"	"2095-2100"
4	"Afghanistan"	61.5696	62.4314	63.1408	63.7564	64.3195	64.7765	65.2292	65.6756	66.0364	66.4351	66.7605	67.1295	67.4436	67.8128	68.1557	68.5347	68.8838
8	"Albania"	75.6136	76.0724	76.648	77.286	77.987	78.6942	79.4393	80.2036	80.9558	81.6777	82.3973	83.0397	83.6302	84.1643	84.669	85.1423	85.5922
12	"Algeria"	74.0787	74.5609	75.1404	75.7293	76.3893	77.0719	77.7428	78.4048	79.1142	79.8461	80.58	81.2712	81.9837	82.64	83.2439	83.8513	84.3673
24	"Angola"	57.7819	58.6507	59.4706	60.2165	60.883	61.494	62.0245	62.5598	63.0366	63.4818	63.9258	64.3246	64.7307	65.1505	65.5247	65.9542	66.3907
28	"Antigua and Barbuda"	73.0803	73.4041	73.8401	74.3521	74.9202	75.5048	76.1343	76.8588	77.532	78.2554	79.0124	79.7473	80.5146	81.2206	81.8683	82.4858	83.0251
32	"Argentina"	72.1507	72.6132	73.1901	73.8378	74.5499	75.3053	76.0383	76.8583	77.6189	78.4432	79.2613	79.9634	80.632	81.2111	81.7968	82.3021	82.8004
51	"Armenia"	70.4703	70.8404	71.3434	71.8626	72.4591	73.063	73.6969	74.3614	75.0667	75.808	76.5783	77.3603	78.137	78.8821	79.5893	80.3016	80.9573
533	"Aruba"	72.5506	72.7797	73.1108	73.5369	73.9752	74.4325	74.9419	75.4702	76.0423	76.6434	77.272	77.8966	78.548	79.2028	79.8056	80.458	81.0534
36	"Australia"	80.4527	81.1109	81.811	82.3917	82.8815	83.3379	83.8185	84.3014	84.764	85.229	85.7197	86.2074	86.6893	87.1561	87.6477	88.1043	88.6289
40	"Austria"	78.6193	79.2917	80.0657	80.8339	81.5373	82.1043	82.6393	83.1472	83.6365	84.1154	84.5742	85.0567	85.5097	85.9776	86.4623	86.9226	87.3755
31	"Azerbaijan"	68.0276	68.0278	68.1431	68.3345	68.5738	68.9356	69.3112	69.7322	70.1922	70.672	71.2154	71.7634	72.3359	72.9325	73.5785	74.2422	74.937
44	"Bahamas"	71.8323	72.1545	72.5922	73.1432	73.6998	74.3077	74.9294	75.6469	76.3552	77.0663	77.8474	78.5932	79.3418	80.0705	80.7844	81.4395	82.0222
48	"Bahrain"	75.2418	75.4292	75.6984	76.0542	76.4636	76.9094	77.3893	77.8585	78.3594	78.9364	79.4969	80.0456	80.5752	81.1583	81.7344	82.2914	82.792
50	"Bangladesh"	70.1713	70.9081	71.6822	72.4139	73.1499	73.8609	74.6128	75.3393	76.0601	76.8966	77.6419	78.4349	79.2194	80.0365	80.7752	81.5301	82.2379
52	"Barbados"	72.6653	72.9683	73.3783	73.8472	74.412	74.9696	75.5512	76.2128	76.8555	77.5399	78.2741	78.9582	79.7069	80.444	81.1174	81.7611	82.3864
112	"Belarus"	66.5236	67.0319	67.6391	68.2902	68.9661	69.673	70.4021	71.1554	71.9591	72.7642	73.5403	74.398	75.2308	76.0501	76.8611	77.5549	78.2301
56	"Belgium"	78.1449	78.7698	79.4722	80.2323	80.989	81.6666	82.2755	82.763	83.251	83.7047	84.192	84.6741	85.1063	85.5419	85.9784	86.4287	86.8467
84	"Belize"	66.9574	67.1946	67.5471	67.9076	68.2753	68.7043	69.1728	69.6404	70.1539	70.6768	71.2646	71.8379	72.4587	73.0757	73.7456	74.4152	75.0935
204	"Benin"	58.4523	58.9281	59.4087	59.878	60.2593	60.644	60.9718	61.2848	61.6615	61.9475	62.2202	62.5375	62.8374	63.118	63.4043	63.7213	64.007
64	"Bhutan"	69.172	69.9575	70.6151	71.1546	71.6254	72.0701	72.5026	72.9531	73.4249	73.8955	74.4225	74.9613	75.4921	76.0291	76.6222	77.1952	77.8557
68	"Bolivia (Plurinational State of)"	65.8968	66.8037	67.6325	68.342	69.0303	69.6682	70.3132	70.9465	71.6411	72.3009	72.9921	73.6607	74.3836	75.1091	75.8483	76.5904	77.3478
70	"Bosnia and Herzegovina"	73.6706	74.1539	74.7183	75.3066	75.9659	76.6673	77.3398	78.0955	78.8663	79.6319	80.369	81.1005	81.7747	82.3873	82.9273	83.4788	83.9591
72	"Botswana"	64.2695	65.4296	66.1125	66.7264	67.3836	68.0058	68.646	69.2857	69.8646	70.2937	70.6081	70.9634	71.3547	71.5995	71.8828	72.1685	72.4845
76	"Brazil"	71.1972	71.9099	72.7107	73.4903	74.3401	75.2356	76.1385	77.042	77.9711	78.8445	79.6746	80.4413	81.078	81.6876	82.2336	82.7653	83.2601
96	"Brunei Darussalam"	74.922	75.2013	75.6266	76.0827	76.6276	77.1721	77.7902	78.4217	79.0497	79.758	80.4627	81.1202	81.7919	82.4251	83.0129	83.5605	84.0521
100	"Bulgaria"	70.5226	70.7572	71.0712	71.4603	71.9043	72.3762	72.8879	73.4212	74.0051	74.6055	75.1788	75.782	76.408	77.0647	77.7305	78.3354	79.0037
854	"Burkina Faso"	58.6702	59.7025	60.6079	61.3539	62.033	62.5967	63.1086	63.5832	63.977	64.4293	64.8263	65.219	65.5408	65.9266	66.2323	66.5353	66.9216
108	"Burundi"	54.7121	55.8504	56.9314	58.0028	59.0067	59.8084	60.5902	61.2658	61.8878	62.4757	62.976	63.4703	63.9864	64.4091	64.8807	65.3475	65.666
132	"Cabo Verde"	69.9259	70.2059	70.5486	70.9947	71.4837	71.9546	72.4795	73.0094	73.6061	74.1765	74.8112	75.4717	76.1532	76.8346	77.5482	78.2546	78.9379
116	"Cambodia"	66.0463	66.9778	67.7958	68.499	69.1703	69.7575	70.3603	70.9637	71.5833	72.1637	72.8046	73.4781	74.1401	74.8459	75.5732	76.2497	76.991
120	"Cameroon"	56.3761	57.8063	59.0812	60.2755	61.2435	62.2334	63.1996	64.2007	64.9855	65.7398	66.4856	67.2269	67.9264	68.4695	68.8959	69.3511	69.6894
124	"Canada"	79.897	80.5174	81.2409	81.9556	82.5501	83.0693	83.5421	84.0221	84.4749	84.9164	85.3686	85.7803	86.2173	86.6866	87.112	87.5383	87.9604
140	"Central African Republic"	49.9078	51.4314	52.9117	54.2651	55.462	56.6819	57.8965	59.227	60.5369	61.7755	62.8197	63.6276	64.38	65.0338	65.6779	66.2064	66.5869
148	"Chad"	50.7086	51.5685	52.5271	53.5059	54.4818	55.447	56.3752	57.263	58.0933	58.8152	59.5674	60.2242	60.847	61.4259	61.9682	62.4864	63.0043
830	"Channel Islands"	78.7136	79.1832	79.7693	80.4166	81.1113	81.8254	82.4802	83.1188	83.6623	84.1633	84.6311	85.1035	85.5324	85.9442	86.386	86.8242	87.2866
152	"Chile"	76.3926	77.0925	77.8279	78.6891	79.5114	80.3413	81.1646	81.8579	82.4556	83.0298	83.5307	84.0015	84.4833	84.933	85.3695	85.7844	86.2073
156	"China"	73.9968	74.2568	74.6659	75.0835	75.5789	76.107	76.6449	77.2548	77.8872	78.5275	79.1621	79.8568	80.5425	81.1905	81.8753	82.4719	83.0337
344	"China, Hong Kong SAR"	80.5993	81.0581	81.5607	82.0725	82.5892	83.107	83.6299	84.1208	84.6266	85.1324	85.6537	86.1441	86.6574	87.1595	87.6297	88.1319	88.6164
446	"China, Macao SAR"	80.463	80.9682	81.5006	82.0376	82.5915	83.1524	83.6724	84.2107	84.7329	85.2615	85.7718	86.295	86.7936	87.2943	87.8007	88.3236	88.7963
158	"China, Taiwan Province of China"	76.6061	77.2477	77.991	78.7958	79.5795	80.3744	81.0888	81.7091	82.2593	82.7815	83.2591	83.7584	84.2385	84.7107	85.1634	85.6411	86.0787
170	"Colombia"	70.0888	70.552	71.0815	71.6888	72.3341	73.0257	73.7275	74.475	75.2416	76.0115	76.876	77.7016	78.5103	79.2636	79.9625	80.6331	81.2723
174	"Comoros"	61.0473	61.3976	61.7786	62.1632	62.498	62.8584	63.178	63.4989	63.7973	64.0851	64.3623	64.6445	64.9554	65.2598	65.5599	65.82	66.1625
178	"Congo"	62.2652	63.401	64.3562	65.264	66.0718	66.7471	67.3556	68.0174	68.7136	69.3634	69.9439	70.3646	70.7447	71.0875	71.4205	71.7463	71.9867
188	"Costa Rica"	76.9108	77.5632	78.331	79.0951	79.9209	80.7268	81.4485	82.1065	82.7121	83.2044	83.6982	84.1545	84.6147	85.0444	85.4734	85.8848	86.2909
384	"C~A'te d'Ivoire"	51.5114	53.0215	54.283	55.2934	56.1997	56.9885	57.6742	58.3574	58.9613	59.4896	60.0971	60.6063	61.1287	61.5721	62.0524	62.5028	62.9601
191	"Croatia"	73.6626	74.1666	74.8125	75.4857	76.2551	76.9824	77.7658	78.5923	79.3492	80.085	80.7746	81.3656	81.9265	82.4418	82.9368	83.407	83.8415
192	"Cuba"	77.1689	77.6761	78.2915	78.9942	79.7058	80.4884	81.2363	81.9529	82.5995	83.1774	83.7068	84.1758	84.6502	85.0862	85.5032	85.9098	86.3219
531	"Cura~ASSao"	74.5578	75.0779	75.7178	76.4239	77.1618	77.9357	78.7242	79.5124	80.2348	80.9145	81.5544	82.1139	82.6181	83.1168	83.5968	84.0123	84.4596
196	"Cyprus"	77.7682	78.2961	78.9296	79.6204	80.3442	81.097	81.7904	82.4454	83.0247	83.5569	84.0221	84.4903	84.9302	85.3776	85.8169	86.2301	86.6581
203	"Czechia"	75.1196	75.5917	76.1851	76.7998	77.4804	78.1924	78.9167	79.6655	80.3628	81.0677	81.6854	82.2084	82.7167	83.2037	83.6739	84.1084	84.5304
408	"Dem. People's Republic of Korea"	67.2015	67.7602	68.3241	68.9379	69.5751	70.2324	70.8901	71.5622	72.2808	73.0202	73.7667	74.5019	75.2796	76.1027	76.8728	77.6765	78.4784
180	"Democratic Republic of the Congo"	57.3956	58.6318	59.8431	60.9754	61.9915	62.8664	63.6692	64.3646	65.0253	65.5944	66.1103	66.5867	67.0399	67.547	67.9996	68.4909	68.9762
208	"Denmark"	78.1211	78.6127	79.1963	79.8508	80.5342	81.2434	81.9068	82.5707	83.1868	83.6608	84.1428	84.5981	85.0619	85.4658	85.8904	86.3198	86.7366
262	"Djibouti"	59.7802	60.1299	60.4681	60.8634	61.3062	61.6875	62.0688	62.4565	62.8761	63.2302	63.5768	63.9749	64.2872	64.7128	65.0652	65.4954	65.9076
214	"Dominican Republic"	70.0264	70.4298	70.9651	71.536	72.1478	72.8342	73.5122	74.213	74.9471	75.6882	76.4661	77.2787	78.0831	78.9093	79.6585	80.4095	81.1096
218	"Ecuador"	72.9828	73.6321	74.3492	75.1112	75.9054	76.6724	77.4985	78.3795	79.1946	80.0084	80.8085	81.5016	82.1148	82.7041	83.2728	83.7409	84.2006
818	"Egypt"	68.4481	68.6745	68.9731	69.3247	69.6741	70.075	70.522	71.0366	71.5816	72.1119	72.6842	73.2394	73.8567	74.5177	75.1837	75.8275	76.4935
222	"El Salvador"	68.1205	68.8349	69.6526	70.4538	71.3172	72.2203	73.1095	74.0169	74.9468	75.8871	76.8063	77.6445	78.4422	79.1722	79.8603	80.4568	81.0123
226	"Equatorial Guinea"	55.4327	56.5139	58.1366	59.6828	61.0245	62.2522	63.3427	64.4455	65.2939	66.1456	67.0169	67.9336	68.7532	69.4255	69.9911	70.4692	70.942
232	"Eritrea"	62.2934	63.5129	64.5966	65.4941	66.2767	66.9827	67.6018	68.1795	68.701	69.2677	69.8405	70.3952	71.0113	71.6481	72.2774	72.9905	73.7138
233	"Estonia"	72.1008	72.8033	73.6137	74.4935	75.3688	76.2865	77.1596	77.9784	78.6879	79.3062	79.8576	80.3764	80.8787	81.3549	81.8366	82.3109	82.7694
231	"Ethiopia"	62.876	64.0775	65.1604	66.0279	66.7417	67.3824	67.9533	68.4473	68.9755	69.4605	70.0017	70.4691	71.0031	71.6175	72.1964	72.7877	73.4119
242	"Fiji"	66.5284	66.6312	66.8456	67.1072	67.3545	67.6985	68.1059	68.5373	68.9831	69.4934	69.9895	70.5961	71.1565	71.7471	72.4159	73.0963	73.7428
246	"Finland"	77.9404	78.6465	79.4316	80.239	80.8598	81.4003	81.8978	82.3992	82.8512	83.3159	83.7914	84.266	84.7246	85.1652	85.6066	86.0588	86.5179
250	"France"	79.1799	79.8596	80.3625	80.8331	81.3007	81.7727	82.2426	82.7038	83.1739	83.6561	84.1168	84.5803	85.0616	85.5164	85.9628	86.409	86.8778
254	"French Guiana"	76.4362	77.2145	78.1069	79.0024	79.8609	80.607	81.2403	81.8031	82.3353	82.8332	83.3748	83.8759	84.3875	84.8756	85.3422	85.8153	86.3005
258	"French Polynesia"	73.9489	74.4371	75.0072	75.6526	76.3287	77.0526	77.8232	78.5995	79.4246	80.1954	81.0103	81.7394	82.4169	83.0552	83.6007	84.1417	84.6394
266	"Gabon"	63.7992	64.7346	65.8199	66.7435	67.4664	68.1425	68.6968	69.4079	70.0432	70.658	71.0317	71.4047	71.6954	71.9103	72.2402	72.4585	72.6878
270	"Gambia"	58.8976	59.2719	59.6777	60.033	60.3551	60.7018	61.0031	61.3102	61.6605	61.9234	62.2351	62.4717	62.7814	63.0352	63.334	63.6115	63.8802
268	"Georgia"	68.2823	68.6453	69.1198	69.6541	70.2611	70.8478	71.4889	72.1951	72.9215	73.6539	74.396	75.136	75.9206	76.7418	77.4665	78.2623	79.0177
276	"Germany"	78.0845	78.6763	79.3763	80.1324	80.8642	81.5532	82.205	82.7466	83.2341	83.7221	84.1942	84.6605	85.1217	85.611	86.0478	86.4944	86.9409
288	"Ghana"	60.84	61.4263	62.0222	62.5958	63.034	63.5128	63.937	64.3201	64.6808	65.0465	65.4068	65.7179	66.0444	66.3315	66.6463	66.9776	67.3038
300	"Greece"	78.18	78.8541	79.6092	80.3975	81.1133	81.7088	82.2654	82.7709	83.2734	83.7165	84.1766	84.6288	85.0998	85.5597	85.997	86.473	86.9153
308	"Grenada"	70.3466	70.4501	70.6877	71.0185	71.3894	71.841	72.2783	72.7817	73.2939	73.871	74.4661	75.0512	75.7455	76.4244	77.1453	77.8265	78.5455
312	"Guadeloupe"	77.3787	78.3071	79.1851	79.8546	80.4418	81.002	81.5664	82.0686	82.6169	83.1251	83.6321	84.1294	84.6366	85.1428	85.6378	86.135	86.5988
316	"Guam"	76.5557	77.1742	77.9309	78.7455	79.578	80.4175	81.244	81.9528	82.5902	83.1449	83.7101	84.2167	84.7341	85.219	85.7026	86.1985	86.6397
320	"Guatemala"	69.4132	70.0938	70.8202	71.5975	72.3612	73.1415	73.9396	74.7609	75.6379	76.4894	77.3766	78.2262	79.0424	79.8333	80.6148	81.3193	81.9212
324	"Guinea"	58.9195	60.6622	62.1567	63.2865	64.262	65.016	65.6914	66.2483	66.7366	67.1789	67.5816	67.9673	68.3677	68.7905	69.1394	69.4907	69.9087
624	"Guinea-Bissau"	54.9106	56.0341	57.1398	58.1689	59.0878	59.8676	60.6142	61.2769	61.8871	62.4011	62.9379	63.3672	63.8681	64.2948	64.7341	65.1243	65.4784
328	"Guyana"	63.4179	63.4079	63.4664	63.6142	63.7489	63.9655	64.1759	64.4047	64.6138	64.8742	65.1285	65.4166	65.6708	65.9803	66.3196	66.6794	67.0089
332	"Haiti"	60.2067	60.7501	61.3029	61.7774	62.2258	62.6678	63.0872	63.4654	63.8522	64.2628	64.633	64.9825	65.3605	65.724	66.075	66.4454	66.8756
340	"Honduras"	70.253	70.6017	71.0551	71.5788	72.1223	72.7085	73.2919	73.9345	74.6199	75.3077	76.0184	76.7523	77.4615	78.2385	78.9627	79.7057	80.4172
348	"Hungary"	71.5194	71.8464	72.2695	72.7738	73.3496	73.9384	74.5534	75.2461	75.9158	76.6263	77.3497	78.0598	78.8003	79.4987	80.1494	80.7555	81.3802
352	"Iceland"	80.7362	81.2797	81.9247	82.5677	83.1519	83.6691	84.1192	84.552	84.9876	85.3955	85.7936	86.1972	86.5924	86.9736	87.3757	87.7702	88.1836
356	"India"	66.2175	66.6626	67.1329	67.5448	67.9383	68.3358	68.7011	69.0711	69.4682	69.8559	70.2748	70.7784	71.2534	71.8062	72.3665	72.9554	73.564
360	"Indonesia"	66.2337	66.4225	66.6509	66.8892	67.1454	67.419	67.69	68.0091	68.2931	68.6774	69.0332	69.4811	69.9134	70.3964	70.9077	71.4333	71.9983
364	"Iran (Islamic Republic of)"	74.0016	74.4919	75.0356	75.667	76.303	76.9537	77.6183	78.3473	79.0649	79.7789	80.5128	81.234	81.9682	82.6395	83.2203	83.8162	84.3675
368	"Iraq"	66.6881	66.9524	67.2462	67.5566	67.8771	68.1653	68.4829	68.8545	69.285	69.7311	70.2241	70.7075	71.2471	71.8113	72.3154	72.9208	73.5887
372	"Ireland"	78.913	79.5089	80.2505	81.0004	81.723	82.4319	82.9889	83.5374	84.0375	84.5086	84.9756	85.4825	85.948	86.4133	86.8843	87.3609	87.7999
376	"Israel"	80.1846	80.793	81.4994	82.2145	82.8636	83.3947	83.932	84.3985	84.8991	85.3759	85.8638	86.3434	86.8234	87.2881	87.7724	88.2298	88.7485
380	"Italy"	80.2132	80.9349	81.5727	82.0795	82.5783	83.0674	83.5315	84.0039	84.4915	84.9377	85.4134	85.9015	86.3488	86.8294	87.2859	87.7264	88.1827
388	"Jamaica"	72.7743	73.0069	73.3365	73.7197	74.2066	74.7373	75.2733	75.8613	76.4716	77.0952	77.7514	78.4023	79.0898	79.7965	80.4465	81.1133	81.7382
392	"Japan"	80.1031	80.5586	81.0446	81.5324	82.0414	82.5098	83.0086	83.5006	83.9764	84.4629	84.9386	85.4131	85.8911	86.3673	86.8309	87.294	87.753
400	"Jordan"	71.8016	71.9523	72.199	72.5163	72.9117	73.3531	73.7904	74.3055	74.8092	75.3759	75.9073	76.5197	77.1067	77.7783	78.4071	79.0856	79.6746
398	"Kazakhstan"	64.1391	64.5097	64.9814	65.514	66.0368	66.6521	67.2821	68.0131	68.7155	69.449	70.2022	70.9442	71.7421	72.5801	73.3986	74.2564	75.1033
404	"Kenya"	63.5744	64.0549	65.0154	65.9615	66.6455	67.2243	67.7971	68.3315	68.8588	69.2595	69.5605	69.8755	70.1402	70.3935	70.7222	71.0608	71.5138
296	"Kiribati"	62.1572	62.4305	62.7715	63.1159	63.4951	63.8384	64.1705	64.4949	64.859	65.2465	65.6511	66.0079	66.4148	66.8718	67.3854	67.833	68.3707
414	"Kuwait"	72.8973	72.8848	73.0125	73.2307	73.4595	73.7655	74.08	74.4266	74.8244	75.2652	75.6879	76.1699	76.6197	77.102	77.6637	78.2178	78.7658
417	"Kyrgyzstan"	66.0153	66.2396	66.5264	66.9439	67.3641	67.8661	68.4166	68.9663	69.5969	70.2203	70.8707	71.6062	72.2891	73.0597	73.7981	74.6122	75.3604
418	"Lao People's Democratic Republic"	64.3574	65.1908	65.9979	66.6702	67.2655	67.7989	68.3	68.7638	69.2047	69.609	70.0731	70.5667	71.0877	71.6027	72.1444	72.7607	73.3661
428	"Latvia"	68.758	69.2054	69.7444	70.3596	71.0041	71.6476	72.3592	73.1138	73.878	74.6503	75.4942	76.2291	77.0179	77.7775	78.5008	79.1166	79.6802
422	"Lebanon"	77.3231	77.8202	78.4573	79.1466	79.8822	80.6613	81.4456	82.2258	82.9015	83.527	84.1044	84.6442	85.1254	85.6358	86.11	86.6145	87.086
426	"Lesotho"	51.0747	52.5516	54.4363	56.332	58.2631	60.0127	61.5458	62.8387	63.8797	64.8463	65.8087	66.6756	67.391	68.0631	68.5904	69.1026	69.6126
430	"Liberia"	60.8629	62.2716	63.5566	64.5792	65.3828	66.1687	66.7997	67.3862	67.8788	68.3517	68.8049	69.2371	69.6889	70.1022	70.6131	71.0939	71.6051
434	"Libya"	68.4081	68.5628	68.8449	69.152	69.502	69.9059	70.3352	70.839	71.375	71.8868	72.4432	73.0286	73.6299	74.2613	74.8904	75.5811	76.2445
440	"Lithuania"	68.4356	68.9131	69.4968	70.1145	70.777	71.4841	72.2076	72.9337	73.6937	74.487	75.2067	75.9488	76.6671	77.37	78.0034	78.6157	79.1582
442	"Luxembourg"	78.9789	79.6453	80.3879	81.1218	81.8309	82.4223	82.921	83.4139	83.8801	84.3375	84.8192	85.2925	85.7566	86.227	86.668	87.1274	87.5991
450	"Madagascar"	63.5936	64.5288	65.3903	66.0724	66.7321	67.2871	67.8269	68.2729	68.7222	69.1965	69.6829	70.2261	70.7301	71.2387	71.8191	72.4309	73.0559
454	"Malawi"	59.6587	60.7434	62.4365	63.8403	64.8917	65.7382	66.4502	67.1877	67.8537	68.3993	68.7624	69.0806	69.2707	69.5121	69.7947	69.9344	70.1394
458	"Malaysia"	72.3589	72.6179	73.0363	73.5004	74.0073	74.5398	75.1252	75.7392	76.4182	77.0776	77.7914	78.4735	79.198	79.9214	80.6528	81.3345	81.983
462	"Maldives"	75.8147	76.6153	77.4028	78.1607	78.8809	79.6318	80.38	81.139	81.8405	82.5292	83.1578	83.7316	84.2584	84.701	85.1579	85.5589	85.9425
466	"Mali"	56.4841	57.7348	58.8102	59.7233	60.4852	61.1255	61.7055	62.281	62.768	63.2223	63.6121	63.9548	64.3437	64.6805	65.03	65.3753	65.6902
470	"Malta"	78.5861	79.0887	79.6635	80.3417	81.0635	81.7843	82.4837	83.1272	83.6805	84.2152	84.6954	85.1383	85.5924	86.0329	86.4841	86.9227	87.3978
474	"Martinique"	78.3361	79.2383	79.9605	80.5568	81.1307	81.6769	82.2221	82.7456	83.2597	83.7618	84.2696	84.7603	85.2536	85.743	86.2491	86.7374	87.2161
478	"Mauritania"	60.7177	60.8085	60.9894	61.183	61.4092	61.6379	61.8344	62.0711	62.3149	62.5469	62.764	63.011	63.2063	63.4552	63.6923	63.968	64.2189
480	"Mauritius"	70.4636	70.7652	71.1943	71.6891	72.2785	72.8874	73.5692	74.2156	74.9398	75.6647	76.3893	77.1923	77.9398	78.7176	79.488	80.2015	80.8836
175	"Mayotte"	76.4548	77.2865	78.2203	79.1434	79.9403	80.6012	81.1848	81.7466	82.2715	82.7826	83.297	83.7787	84.2795	84.7864	85.2724	85.7362	86.2225
484	"Mexico"	74.0536	74.5561	75.1493	75.781	76.4772	77.2203	77.9949	78.7663	79.5871	80.3519	81.1092	81.8071	82.469	83.0459	83.584	84.0826	84.5591
583	"Micronesia (Fed. States of)"	67.0762	67.0233	67.0516	67.1338	67.2206	67.3184	67.4818	67.5492	67.7109	67.9048	68.1205	68.304	68.5373	68.8228	69.0483	69.3598	69.6634
496	"Mongolia"	64.3537	64.6626	65.0911	65.5314	65.9994	66.4567	67.0217	67.6165	68.2134	68.8364	69.5672	70.2637	70.9886	71.717	72.5398	73.3714	74.1672
499	"Montenegro"	73.944	74.3957	74.9375	75.521	76.1668	76.8534	77.5422	78.2648	78.9849	79.7016	80.4117	81.1147	81.7794	82.3526	82.8743	83.3871	83.8553
504	"Morocco"	73.8073	74.4252	75.1156	75.7726	76.4634	77.198	77.9122	78.6538	79.4037	80.1621	80.9521	81.6947	82.4026	83.064	83.688	84.2476	84.7302
508	"Mozambique"	55.5629	56.6278	57.6763	58.7353	59.7187	60.7722	61.7571	62.8726	63.834	64.7045	65.4765	66.168	66.7649	67.227	67.5026	67.7379	67.9946
104	"Myanmar"	63.2704	63.3762	63.5714	63.7878	64.0292	64.3043	64.5573	64.8193	65.0947	65.375	65.6958	65.9847	66.282	66.6112	66.9947	67.3591	67.7271
516	"Namibia"	60.701	61.5804	62.8246	64.031	65.2158	66.281	67.3245	68.2275	68.9805	69.6468	70.214	70.6462	71.1056	71.5196	71.9617	72.3844	72.7831
524	"Nepal"	67.9054	68.6798	69.3371	69.9175	70.4595	71.0538	71.6333	72.1941	72.7877	73.3298	74.019	74.6983	75.371	76.0662	76.7764	77.5072	78.2245
528	"Netherlands"	79.476	79.9944	80.6381	81.304	81.9782	82.6108	83.1654	83.6538	84.0954	84.5422	84.9553	85.3566	85.7679	86.1496	86.5312	86.9232	87.3162
540	"New Caledonia"	73.6816	74.2323	74.8663	75.5614	76.2384	77.0249	77.8121	78.6404	79.4575	80.2634	80.9814	81.6982	82.3352	82.8987	83.4011	83.8767	84.3709
554	"New Zealand"	79.5879	80.1296	80.752	81.4559	82.149	82.8102	83.3854	83.9001	84.3798	84.8692	85.3226	85.7786	86.2328	86.7136	87.1915	87.6816	88.1429
558	"Nicaragua"	71.6739	72.4245	73.2405	74.0662	74.9403	75.8436	76.7362	77.6318	78.5415	79.4661	80.3198	81.0132	81.7429	82.3787	82.9444	83.469	83.9615
562	"Niger"	58.2851	59.4171	60.5515	61.5142	62.3164	63.0516	63.7041	64.247	64.7079	65.1134	65.5472	65.9103	66.2694	66.5933	66.9226	67.2425	67.6346
566	"Nigeria"	51.907	53.2725	54.7223	56.0195	57.3083	58.4102	59.399	60.272	61.0082	61.7136	62.2938	62.8666	63.3778	63.8774	64.2761	64.741	65.1208
578	"Norway"	79.6788	80.2753	80.9326	81.6308	82.2633	82.828	83.3247	83.7938	84.2263	84.6646	85.0958	85.5161	85.9324	86.3487	86.7663	87.1916	87.6011
512	"Oman"	74.6795	75.3676	76.126	76.8899	77.7172	78.5828	79.4283	80.3134	81.1644	81.9659	82.6844	83.2883	83.8516	84.3795	84.8865	85.3775	85.8593
586	"Pakistan"	64.5215	64.6758	64.8518	65.1407	65.4203	65.6888	66.0132	66.2896	66.6017	66.91	67.2311	67.5406	67.8946	68.2546	68.668	69.09	69.5399
591	"Panama"	74.4852	75.0718	75.7789	76.528	77.3486	78.1693	79.0083	79.791	80.585	81.2942	81.9191	82.4617	82.9831	83.4832	83.9488	84.3915	84.8635
598	"Papua New Guinea"	62.2273	62.3728	62.6147	62.8635	63.1346	63.3995	63.6444	63.8973	64.1465	64.4216	64.7239	65.0178	65.2696	65.5619	65.8876	66.1855	66.5046
600	"Paraguay"	70.0654	69.9533	70.0176	70.1385	70.3545	70.6084	70.9511	71.2969	71.7416	72.1443	72.6513	73.1706	73.6914	74.2702	74.8248	75.4865	76.1043
604	"Peru"	71.6839	72.274	72.9846	73.7071	74.4579	75.2214	75.9863	76.8025	77.6401	78.4488	79.26	80.057	80.8532	81.5473	82.2126	82.8252	83.3595
608	"Philippines"	64.9193	65.0482	65.2354	65.4687	65.7271	66.0309	66.3412	66.7351	67.1148	67.5441	68.0209	68.4894	69.0377	69.5785	70.1233	70.7503	71.3824
616	"Poland"	73.0121	73.5564	74.2143	74.925	75.6852	76.4679	77.2984	78.0894	78.8518	79.5254	80.1604	80.764	81.2727	81.7653	82.2585	82.7098	83.1257
620	"Portugal"	77.6897	78.4757	79.3298	80.1554	80.8045	81.388	81.9357	82.4426	82.9519	83.473	83.9648	84.4794	84.9801	85.4812	85.9671	86.4196	86.9101
630	"Puerto Rico"	75.515	76.3053	77.147	78.0145	78.8042	79.4372	80.0038	80.5145	81.0014	81.4747	81.9343	82.3955	82.8531	83.357	83.8111	84.2644	84.7224
634	"Qatar"	76.661	76.999	77.4254	77.9582	78.4958	79.1153	79.6655	80.2423	80.8686	81.5158	82.1046	82.6465	83.2489	83.7365	84.2114	84.633	85.0402
410	"Republic of Korea"	78.5094	79.459	80.1623	80.7739	81.3702	81.9736	82.5547	83.1238	83.668	84.2126	84.7458	85.2744	85.8125	86.3281	86.8527	87.3425	87.87
498	"Republic of Moldova"	66.3819	66.5734	66.8862	67.2788	67.7168	68.1948	68.7047	69.3353	69.8914	70.5233	71.1616	71.9001	72.6227	73.3424	74.093	74.8891	75.6138
638	"R~A(c)union"	76.448	77.302	78.2297	79.1492	79.9465	80.6081	81.1928	81.7433	82.2919	82.8022	83.3225	83.8362	84.3111	84.8004	85.2838	85.7518	86.2361
642	"Romania"	71.1806	71.5056	71.9599	72.437	73.0416	73.6628	74.3369	75.0157	75.7205	76.4354	77.1549	77.924	78.6697	79.3931	80.1053	80.78	81.4001
643	"Russian Federation"	64.5527	64.9667	65.4851	66.0429	66.6297	67.2598	67.9062	68.6178	69.2631	69.9493	70.678	71.441	72.1951	72.9269	73.707	74.4563	75.2456
646	"Rwanda"	64.0153	64.4342	64.9928	65.5439	66.0484	66.3997	66.7791	67.2371	67.8325	68.3666	68.8232	69.2201	69.7936	70.4226	71.0905	71.8712	72.6489
662	"Saint Lucia"	72.1144	72.5886	73.1564	73.7631	74.4299	75.1171	75.8613	76.6061	77.3243	78.1213	78.9248	79.6765	80.462	81.184	81.8529	82.4418	82.9868
670	"Saint Vincent and the Grenadines"	70.1366	70.1513	70.2881	70.4643	70.7502	71.0491	71.3701	71.7218	72.1208	72.5539	72.9936	73.5336	74.0119	74.5619	75.0886	75.6981	76.2646
882	"Samoa"	71.3035	71.964	72.7355	73.5146	74.3162	75.1619	76.011	76.904	77.813	78.7103	79.5966	80.3781	81.1219	81.7756	82.3496	82.9155	83.4553
678	"Sao Tome and Principe"	63.5289	63.5476	63.6802	63.8786	64.0657	64.2434	64.4333	64.6651	64.8897	65.1473	65.3596	65.6247	65.8959	66.1159	66.4329	66.7745	67.0995
682	"Saudi Arabia"	72.4094	72.6704	73.0057	73.3797	73.7974	74.2785	74.7457	75.256	75.8087	76.3337	76.902	77.544	78.1378	78.7549	79.383	80.0632	80.6755
686	"Senegal"	64.2238	64.9808	65.6464	66.2572	66.8008	67.2827	67.7308	68.2116	68.685	69.149	69.6504	70.202	70.703	71.2674	71.8604	72.5144	73.1201
688	"Serbia"	71.5733	71.8248	72.1937	72.6249	73.1191	73.6578	74.2137	74.812	75.4469	76.0957	76.7703	77.4372	78.1506	78.8417	79.5863	80.2247	80.9044
690	"Seychelles"	68.6113	69.026	69.5762	70.1736	70.8339	71.5046	72.2002	72.9736	73.6966	74.4891	75.2372	76.0182	76.7587	77.5207	78.2856	78.9927	79.6391
694	"Sierra Leone"	50.3052	51.6553	52.9891	54.2188	55.3145	56.2823	57.0912	57.7908	58.3794	58.8673	59.3478	59.7904	60.257	60.6684	61.0073	61.3564	61.6813
702	"Singapore"	80.4159	81.1828	81.8534	82.3972	82.9161	83.4235	83.9318	84.43	84.9479	85.4512	85.9411	86.4418	86.9526	87.4441	87.931	88.4291	88.9318
703	"Slovakia"	72.5027	72.8984	73.3844	73.9171	74.4963	75.1019	75.8024	76.5015	77.1905	77.8969	78.5786	79.2953	79.9455	80.6084	81.1686	81.7315	82.2623
705	"Slovenia"	77.4975	78.1524	78.932	79.732	80.4683	81.1156	81.6796	82.192	82.7056	83.1777	83.6542	84.1239	84.5962	85.0495	85.5137	85.9786	86.4463
90	"Solomon Islands"	68.471	69.0648	69.5987	70.1529	70.6338	71.1234	71.6463	72.1648	72.7783	73.3609	73.9255	74.519	75.1337	75.7492	76.4001	77.1243	77.8281
706	"Somalia"	53.8648	55.0207	56.1252	57.0695	57.9044	58.6179	59.3187	59.9493	60.4887	61.0276	61.5284	61.9951	62.4133	62.8087	63.2246	63.5259	63.9062
710	"South Africa"	58.9727	59.6517	60.4245	61.3786	62.3583	63.2948	64.2193	65.1837	66.1092	67.0074	67.9236	68.5958	69.2136	69.8053	70.2845	70.7737	71.2037
728	"South Sudan"	55.0064	56.4384	57.7438	58.8361	59.784	60.6148	61.366	62.0308	62.5721	63.0775	63.5363	63.9694	64.3747	64.7918	65.1519	65.5138	65.9477
724	"Spain"	80.0678	80.561	81.0221	81.5142	81.9933	82.4859	82.9654	83.4547	83.9287	84.4249	84.8859	85.3732	85.8334	86.3013	86.7828	87.2462	87.7007
144	"Sri Lanka"	71.22	71.7455	72.3331	72.9947	73.7017	74.4317	75.2076	76.0035	76.8348	77.6623	78.4797	79.3045	80.035	80.7288	81.3727	81.9624	82.4814
275	"State of Palestine"	70.7475	70.9771	71.3042	71.6979	72.1545	72.6194	73.1632	73.6797	74.2523	74.8506	75.4233	76.0989	76.7246	77.3689	78.0649	78.7467	79.4451
729	"Sudan"	61.8967	62.2594	62.6849	63.0739	63.4514	63.793	64.1423	64.4977	64.8638	65.1557	65.4835	65.8526	66.1989	66.5188	66.8563	67.1666	67.5874
740	"Suriname"	67.3284	67.3683	67.5699	67.789	68.1136	68.478	68.8781	69.2925	69.783	70.3087	70.8437	71.4135	72.0029	72.6465	73.2629	73.9263	74.5952
748	"Swaziland"	53.9108	54.872	56.4001	58.0965	59.7784	61.2855	62.6462	63.924	65.0214	66.0527	67.0245	67.8441	68.4723	69.1481	69.6623	70.2118	70.687
752	"Sweden"	80.1821	80.7722	81.4393	82.1356	82.7479	83.2688	83.7555	84.2236	84.6598	85.0987	85.5241	85.9474	86.3813	86.8198	87.2417	87.6761	88.1252
756	"Switzerland"	80.7726	81.4539	82.0684	82.5634	83.0366	83.5073	83.9681	84.4445	84.9057	85.3637	85.8255	86.3001	86.7746	87.2443	87.6873	88.156	88.6322
760	"Syrian Arab Republic"	64.81	71.5516	73.7431	74.2232	74.6649	75.1285	75.4666	75.8072	76.1606	76.5566	77.0663	77.6846	78.3458	79.0421	79.6598	80.2514	80.7919
762	"Tajikistan"	67.3788	67.5872	67.8758	68.181	68.601	69.0295	69.5425	70.0544	70.6115	71.2082	71.8112	72.4918	73.2134	73.8891	74.6204	75.324	76.0946
807	"TFYR Macedonia"	72.8893	73.1496	73.5367	73.9715	74.459	74.9923	75.5304	76.1427	76.7837	77.4386	78.1439	78.8585	79.5637	80.2597	80.9711	81.6569	82.309
764	"Thailand"	70.9226	71.4818	72.1655	72.9399	73.7374	74.5114	75.3347	76.1955	77.043	77.932	78.7736	79.5606	80.2716	80.9117	81.4897	82.0053	82.5122
626	"Timor-Leste"	66.4009	67.0821	67.6903	68.2347	68.7583	69.192	69.6422	70.1687	70.6504	71.1301	71.6121	72.2063	72.7825	73.3751	74.0238	74.642	75.2966
768	"Togo"	58.3233	58.8119	59.2824	59.6864	60.0607	60.4361	60.8027	61.1216	61.4551	61.7299	62.038	62.2936	62.5645	62.8684	63.1226	63.3924	63.6731
776	"Tonga"	69.1806	69.3664	69.6358	69.9786	70.3901	70.8616	71.3505	71.8858	72.4411	73.0563	73.6936	74.3881	75.0835	75.7978	76.5508	77.2904	78.0121
780	"Trinidad and Tobago"	66.3373	66.3602	66.4543	66.6712	66.906	67.1879	67.5275	67.8775	68.2557	68.7213	69.1529	69.6084	70.1416	70.6521	71.1749	71.7042	72.3074
788	"Tunisia"	73.0051	73.4577	73.9726	74.5275	75.1184	75.7563	76.3981	77.0214	77.7183	78.4169	79.0828	79.808	80.4921	81.1589	81.8244	82.4121	82.9882
792	"Turkey"	71.8563	72.639	73.4874	74.3738	75.292	76.1673	77.1064	78.0242	78.9158	79.7829	80.5554	81.2513	81.8606	82.4479	82.9838	83.4846	83.9609
795	"Turkmenistan"	63.4063	63.4702	63.6476	63.8725	64.1322	64.3903	64.6831	64.9936	65.3071	65.6091	65.9965	66.4179	66.8101	67.2605	67.6962	68.1649	68.686
800	"Uganda"	56.6018	57.4898	58.6565	59.7912	60.8796	62.0616	63.2235	64.1874	64.8951	65.5497	66.1834	66.7439	67.1932	67.6352	67.8348	67.994	68.235
804	"Ukraine"	66.0037	66.457	67.0062	67.6041	68.2688	68.8674	69.5368	70.2027	70.8987	71.6784	72.4233	73.1636	73.9493	74.7299	75.5219	76.2644	77.0704
784	"United Arab Emirates"	75.7963	76.0982	76.5005	76.9842	77.5123	78.0201	78.5821	79.2134	79.8995	80.516	81.1535	81.7644	82.3627	82.9321	83.5001	84.0344	84.5006
826	"United Kingdom"	79.146	79.6825	80.3387	81.0449	81.7616	82.4553	83.0537	83.5898	84.1109	84.5929	85.0233	85.4603	85.8992	86.331	86.7566	87.2112	87.6501
834	"United Republic of Tanzania"	63.7307	64.3339	64.9353	65.576	66.1401	66.6876	67.197	67.8266	68.3171	68.8665	69.1784	69.499	69.8163	70.0834	70.388	70.675	71.0412
840	"United States of America"	76.4355	76.8612	77.3997	77.9776	78.6432	79.3063	80.0087	80.7075	81.3412	81.9985	82.6022	83.1417	83.6241	84.0791	84.5161	84.9111	85.2798
850	"United States Virgin Islands"	76.757	77.2843	77.9543	78.6613	79.4267	80.1932	80.9756	81.7151	82.3603	82.9497	83.4814	83.9954	84.5087	84.9929	85.4685	85.9405	86.3942
858	"Uruguay"	73.2091	73.6552	74.2048	74.8308	75.5047	76.2541	76.9769	77.7451	78.5718	79.3347	80.0445	80.699	81.2789	81.8704	82.3979	82.8928	83.3734
860	"Uzbekistan"	67.5762	67.6087	67.7227	67.8776	68.1156	68.458	68.7622	69.1182	69.5434	70.0118	70.5608	71.0875	71.6587	72.2112	72.817	73.4423	74.0947
548	"Vanuatu"	69.2124	69.5446	69.9193	70.3558	70.8603	71.3908	71.9118	72.4722	73.088	73.716	74.3716	75.0398	75.7633	76.5618	77.2944	78.0044	78.723
862	"Venezuela (Bolivarian Republic of)"	69.8779	70.3226	70.8871	71.5265	72.1629	72.8688	73.5884	74.3969	75.2076	76.0064	76.7882	77.581	78.3219	79.0679	79.7826	80.4208	80.9956
704	"Viet Nam"	70.9371	71.6503	72.441	73.2862	74.176	75.1101	76.0123	76.9007	77.7361	78.5208	79.1848	79.7645	80.2967	80.8236	81.3111	81.7498	82.2512
732	"Western Sahara"	67.0283	67.5954	68.1089	68.6143	69.0641	69.5198	69.9839	70.4585	70.9899	71.5389	72.1198	72.7072	73.2811	73.8976	74.5549	75.2155	75.9092
887	"Yemen"	62.6091	62.952	63.3255	63.7067	64.0918	64.4293	64.7897	65.1224	65.5025	65.8649	66.195	66.5094	66.8918	67.2635	67.6331	68.0427	68.4825
894	"Zambia"	57.9709	58.5818	59.539	60.6518	61.8176	62.8167	63.705	64.5784	65.3106	66.0679	66.7606	67.3064	67.7299	68.0449	68.3561	68.56	68.8004
716	"Zimbabwe"	58.5838	58.9657	60.254	61.5866	62.8224	63.9312	65.0522	66.1113	67.0312	67.8148	68.6324	69.3586	69.9232	70.5298	71.0339	71.5204	72.0008
