"country_code"	"name"	"2015-2020"	"2020-2025"	"2025-2030"	"2030-2035"	"2035-2040"	"2040-2045"	"2045-2050"	"2050-2055"	"2055-2060"	"2060-2065"	"2065-2070"	"2070-2075"	"2075-2080"	"2080-2085"	"2085-2090"	"2090-2095"	"2095-2100"
900	"WORLD"	69.6904236481348	70.6746658096846	71.5721841131143	72.4138223679486	73.2070897604332	73.9710961277549	74.7037705321369	75.4168501841132	76.0828989947633	76.7189464894119	77.3237370760137	77.906366988429	78.4656343729821	79.0078155274309	79.5564108732987	80.1055346916302	80.6704203599429
901	"More developed regions"	76.2245468518066	77.1989918366731	78.1400896481864	79.0435423500691	79.9078314075885	80.7336663429046	81.5221255048011	82.2666324016078	82.9968274336442	83.708913236904	84.4268303466498	85.1100486395757	85.7753858251815	86.398881676196	86.9842941893561	87.5711963642621	88.1385374089759
902	"Less developed regions"	68.3926618827309	69.3871260444395	70.3090599798282	71.1886395031077	72.0235942928088	72.8290382763646	73.6017401473763	74.3557549839212	75.0548153578123	75.7181889910397	76.3416239025981	76.9383754761149	77.5026582968172	78.048096143108	78.6049855772402	79.1629921385795	79.7395136547817
941	"Least developed countries"	62.8496120196004	64.2873372219686	65.6006410054362	66.8011229716102	67.9010910677109	68.9211241555483	69.8746094912907	70.7645476829692	71.5846724514483	72.3509972660323	73.0703368947035	73.7495996583071	74.3907360182675	75.0074854799608	75.6135776581029	76.2199488484375	76.847465062805
934	"Less developed regions, excluding least developed countries"	69.6479004861599	70.5890674639716	71.4627275584856	72.3004696001705	73.1004298234208	73.886243614372	74.6503060454657	75.4079780802671	76.1165924185413	76.7962839647131	77.4400669546777	78.0611060870684	78.6538906417525	79.2232690281109	79.8056179935006	80.3862548068742	80.9829932934897
948	"Less developed regions, excluding China"	66.6133764364158	67.7316738663029	68.7474888007244	69.7013366608628	70.5970088319585	71.4564298584538	72.2762265055649	73.0689807680751	73.7994569573987	74.4929596629131	75.1436578642978	75.7770380283229	76.3900238069222	76.9842675679017	77.5904423024626	78.1949203594408	78.8146050556279
1503	"High-income countries"	78.6702164185902	79.5786157286308	80.4306585381692	81.2417198489246	82.0079711220483	82.7345418790133	83.4227375061674	84.0639891254996	84.6872718598066	85.2918283228824	85.8960366105089	86.4730052335877	87.052064258671	87.6144691249173	88.17073504294	88.7350161889215	89.2821571932442
1517	"Middle-income countries"	68.9987699548359	69.9564856114973	70.8439303202696	71.6951264701887	72.5130016709251	73.3174315657875	74.0960297614679	74.8634197154312	75.5813884909245	76.2688649465006	76.9187850886643	77.5456172199585	78.1416301956536	78.7144828893503	79.295337522019	79.8737646175766	80.4654349253765
1502	"Upper-middle-income countries"	72.9787160131345	73.8990218701331	74.8126191620014	75.7270482825614	76.6317021026274	77.547500262322	78.4640798383221	79.380179834824	80.2669728049265	81.1051462044253	81.8943080490302	82.6071773372135	83.2529827949425	83.8520529124242	84.4078628549243	84.9431302529593	85.4834280169019
1501	"Lower-middle-income countries"	65.8871982951626	66.9169319599278	67.8361840881609	68.6945785997495	69.5043854701867	70.3015551041858	71.0719061674713	71.8388586273039	72.564688075756	73.2789519076709	73.9613783362006	74.647282263053	75.3178822322241	75.9677820667966	76.6364488823017	77.3015961875465	77.9807165343215
1500	"Low-income countries"	61.0014736331754	62.6302856880847	64.1528274230556	65.5135893607834	66.7296184814267	67.8369222011762	68.8679916894613	69.8322118615066	70.7187165842081	71.5443890339736	72.3273590047503	73.0738845539153	73.7944565096425	74.4935113774751	75.1815293644586	75.8615177707776	76.5543549121037
947	"Sub-Saharan Africa"	58.6326797294082	60.4146837851721	62.1131543079392	63.6817215637023	65.0798471442322	66.3401900427596	67.4924460522798	68.5640304315853	69.5310519474407	70.409745710717	71.2233357595322	71.9744862758662	72.6863928472265	73.3694870073121	74.0377595945188	74.711026770668	75.3809027868461
903	"AFRICA"	60.7017915260733	62.29477162347	63.8190905207652	65.2440435563546	66.5289230747766	67.6890100561935	68.7529427294463	69.7475373196036	70.6434415841172	71.4600790618905	72.2140075551369	72.9054560018652	73.5622491639996	74.1980311756215	74.8323686844079	75.4761946952122	76.12068127455
910	"Eastern Africa"	61.9605666459433	63.569959722194	65.1622933500186	66.5926207972826	67.8349699643287	68.9576926436252	70.0306446720302	71.0580470279647	71.9930637922813	72.8688145996322	73.6854958703141	74.4606597404958	75.2047667452717	75.9186591992668	76.604270357597	77.2821047617427	77.9608423846599
108	"Burundi"	56.05	57.85	59.53	61.11	62.51	63.79	64.93	65.96	66.85	67.69	68.46	69.18	69.92	70.65	71.37	72.12	72.87
174	"Comoros"	62.27	63.19	64	64.73	65.37	65.98	66.53	67.04	67.55	68.04	68.52	68.97	69.45	69.94	70.44	70.97	71.55
262	"Djibouti"	61.01	61.89	62.69	63.44	64.13	64.8	65.43	66.04	66.62	67.2	67.73	68.28	68.85	69.43	70.05	70.67	71.29
232	"Eritrea"	63.59	65.51	67.13	68.46	69.63	70.7	71.7	72.62	73.56	74.5	75.46	76.41	77.36	78.3	79.3	80.25	81.16
231	"Ethiopia"	64.09	65.95	67.53	68.8	69.87	70.81	71.71	72.55	73.4	74.22	75.07	75.9	76.75	77.64	78.51	79.4	80.29
404	"Kenya"	64.97	66.22	67.74	69.13	70.26	71.25	72.22	73.19	74.07	74.87	75.53	76.15	76.76	77.37	77.96	78.56	79.15
450	"Madagascar"	64.89	66.51	67.82	68.95	69.93	70.8	71.65	72.46	73.26	74.08	74.91	75.74	76.62	77.48	78.36	79.22	80.15
454	"Malawi"	61.12	63.12	65.58	67.58	69.11	70.38	71.47	72.52	73.5	74.37	75.07	75.74	76.39	77.03	77.65	78.28	78.9
480	"Mauritius"	71.48	72.3	73.14	73.99	74.84	75.77	76.68	77.62	78.55	79.54	80.48	81.35	82.13	82.81	83.48	84.09	84.66
175	"Mayotte"	77.32	78.61	79.84	80.8	81.59	82.32	83	83.66	84.31	84.94	85.57	86.19	86.78	87.38	87.97	88.57	89.16
508	"Mozambique"	57	58.92	60.74	62.47	64.03	65.48	66.89	68.34	69.59	70.71	71.76	72.75	73.69	74.51	75.21	75.89	76.55
638	"R~A(c)union"	77.32	78.6	79.83	80.8	81.58	82.29	82.97	83.65	84.29	84.93	85.55	86.17	86.78	87.37	87.96	88.56	89.14
646	"Rwanda"	65.43	66.68	67.88	69.01	70.01	70.84	71.62	72.48	73.4	74.27	75.04	75.68	76.3	76.89	77.49	78.08	78.66
690	"Seychelles"	69.61	70.53	71.46	72.39	73.35	74.33	75.31	76.3	77.3	78.29	79.24	80.08	80.84	81.54	82.17	82.76	83.34
706	"Somalia"	55.29	57.16	58.87	60.43	61.8	63.01	64.06	65.01	65.82	66.59	67.28	67.95	68.51	69.1	69.72	70.28	70.92
728	"South Sudan"	56.46	58.65	60.65	62.39	63.92	65.18	66.27	67.22	68.01	68.79	69.47	70.09	70.69	71.33	71.93	72.62	73.31
800	"Uganda"	58.04	59.79	61.69	63.5	65.15	66.68	68.22	69.56	70.63	71.62	72.59	73.52	74.38	75.09	75.76	76.41	77.04
834	"United Republic of Tanzania"	65.04	66.34	67.54	68.69	69.69	70.6	71.55	72.54	73.47	74.36	75.1	75.75	76.38	77	77.6	78.2	78.8
894	"Zambia"	59.56	61.17	63	64.8	66.45	67.92	69.15	70.28	71.31	72.31	73.25	74.11	74.83	75.52	76.19	76.84	77.48
716	"Zimbabwe"	59.91	60.93	62.69	64.45	66.03	67.43	68.82	70.1	71.19	72.23	73.21	74.11	74.86	75.55	76.22	76.87	77.51
911	"Middle Africa"	57.9032748356999	59.7716185917983	61.4904440465421	63.0675626009936	64.4678572813404	65.7076541040271	66.8175170617839	67.8344022607465	68.760763241601	69.6145990265281	70.4093297539984	71.1831887180592	71.9530157437023	72.6889190920501	73.4415996371068	74.1922373761259	74.9566219436822
24	"Angola"	58.97	60.4	61.65	62.78	63.78	64.64	65.42	66.15	66.8	67.43	68.05	68.65	69.29	69.92	70.57	71.26	71.96
120	"Cameroon"	57.76	59.99	61.93	63.71	65.26	66.68	68.02	69.33	70.43	71.43	72.39	73.32	74.2	74.96	75.62	76.26	76.88
140	"Central African Republic"	51.35	53.76	56.03	58.21	60.22	62.07	63.79	65.53	67.13	68.56	69.84	70.89	71.84	72.77	73.67	74.52	75.23
148	"Chad"	52.09	53.64	55.19	56.69	58.13	59.53	60.82	62.05	63.19	64.24	65.17	66.05	66.84	67.59	68.29	68.96	69.62
178	"Congo"	63.63	65.46	66.97	68.32	69.48	70.44	71.33	72.25	73.18	74.06	74.84	75.49	76.12	76.74	77.35	77.95	78.55
180	"Democratic Republic of the Congo"	58.7	60.63	62.44	64.09	65.54	66.81	67.92	68.91	69.83	70.68	71.48	72.27	73.09	73.87	74.72	75.56	76.42
226	"Equatorial Guinea"	56.8	58.64	60.89	63.04	64.89	66.53	68.05	69.43	70.58	71.64	72.73	73.82	74.83	75.67	76.48	77.28	78.07
266	"Gabon"	65.06	66.57	68.1	69.39	70.44	71.36	72.21	73.12	73.99	74.8	75.45	76.06	76.65	77.24	77.83	78.42	79
678	"Sao Tome and Principe"	64.64	65.21	65.73	66.22	66.69	67.15	67.58	68.01	68.4	68.83	69.29	69.78	70.28	70.81	71.35	71.95	72.6
912	"Northern Africa"	70.3345604074736	71.1735161581712	71.9618379651111	72.7495283082159	73.5371207146053	74.2966410059874	75.0435939933313	75.7817937978905	76.474281664799	77.1650235023492	77.8329501239557	78.4606533438017	79.0745917221187	79.6917850168632	80.3447394950912	80.9879072724255	81.6369806594639
12	"Algeria"	75.16	76.19	77.15	78.1	79.05	79.97	80.9	81.83	82.75	83.59	84.37	85.03	85.61	86.19	86.77	87.32	87.88
818	"Egypt"	69.52	70.25	70.99	71.71	72.43	73.16	73.91	74.67	75.43	76.24	77.08	77.93	78.78	79.61	80.5	81.37	82.2
434	"Libya"	69.47	70.14	70.8	71.49	72.18	72.91	73.62	74.37	75.15	75.93	76.79	77.61	78.46	79.31	80.18	81.03	81.87
504	"Morocco"	74.92	76.05	77.12	78.15	79.17	80.15	81.14	82.13	83.04	83.9	84.64	85.27	85.87	86.46	87.03	87.61	88.16
729	"Sudan"	63.14	64.09	64.99	65.78	66.57	67.25	67.89	68.5	69.05	69.61	70.2	70.77	71.37	71.99	72.63	73.28	74
788	"Tunisia"	74.03	74.98	75.88	76.8	77.7	78.59	79.5	80.42	81.33	82.22	83.05	83.79	84.44	85.01	85.55	86.06	86.57
732	"Western Sahara"	68.24	69.33	70.27	71.14	71.95	72.77	73.58	74.4	75.22	76.05	76.89	77.78	78.62	79.5	80.42	81.29	82.15
913	"Southern Africa"	60.0351610104961	61.4131908288538	62.7612521303726	64.1484208793571	65.5409003718947	66.8218449168829	68.0365314247568	69.2612507023499	70.4348489139924	71.550640860165	72.6078425082481	73.5105324602886	74.3328957083592	75.1226135804234	75.893344041782	76.6486853619468	77.3865394447666
72	"Botswana"	65.54	67.35	68.54	69.58	70.54	71.46	72.36	73.29	74.17	74.87	75.54	76.2	76.84	77.49	78.12	78.76	79.39
426	"Lesotho"	52.44	54.59	56.97	59.4	61.76	63.96	65.9	67.49	68.79	70	71.14	72.22	73.13	73.98	74.81	75.61	76.4
516	"Namibia"	61.97	63.48	65.18	66.81	68.29	69.64	70.88	71.98	72.93	73.79	74.49	75.18	75.85	76.52	77.19	77.86	78.53
710	"South Africa"	60.22	61.54	62.82	64.14	65.47	66.69	67.86	69.06	70.24	71.37	72.45	73.36	74.19	74.99	75.77	76.53	77.27
748	"Swaziland"	55.25	56.85	58.88	61.01	63.06	64.93	66.57	68.06	69.38	70.59	71.72	72.72	73.57	74.38	75.17	75.95	76.72
914	"Western Africa"	55.9532184452457	57.9216616123899	59.7435098799402	61.4213662555954	62.9071250361484	64.2339465713283	65.3909092399275	66.4231153906442	67.3355380536802	68.1375345483094	68.8860477136379	69.5671791126739	70.2122888239593	70.8494433660442	71.4813284570382	72.1384613418107	72.783910302298
204	"Benin"	59.75	60.82	61.72	62.53	63.25	63.88	64.46	65.04	65.54	66.04	66.5	66.96	67.38	67.8	68.27	68.7	69.19
854	"Burkina Faso"	60.11	61.95	63.54	64.89	66.01	67	67.8	68.54	69.19	69.79	70.37	70.96	71.53	72.12	72.72	73.36	74.01
132	"Cabo Verde"	70.98	71.82	72.63	73.47	74.26	75.05	75.87	76.71	77.58	78.44	79.34	80.21	81.1	81.97	82.81	83.55	84.22
384	"C~A'te d'Ivoire"	52.95	55.16	57.03	58.59	59.89	60.98	61.95	62.82	63.65	64.41	65.09	65.75	66.4	67.01	67.62	68.21	68.82
270	"Gambia"	60.17	61.09	61.91	62.62	63.28	63.88	64.43	64.92	65.39	65.85	66.28	66.72	67.17	67.56	67.97	68.41	68.84
288	"Ghana"	62.1	63.35	64.44	65.44	66.29	67.08	67.78	68.42	69	69.56	70.1	70.61	71.16	71.74	72.31	72.93	73.62
324	"Guinea"	60.33	62.92	65.14	66.95	68.42	69.6	70.58	71.43	72.23	72.97	73.7	74.45	75.23	76.01	76.78	77.57	78.38
624	"Guinea-Bissau"	56.26	58.09	59.79	61.33	62.72	63.95	65.09	66.08	66.95	67.71	68.43	69.15	69.79	70.46	71.14	71.83	72.56
430	"Liberia"	62.23	64.41	66.32	67.89	69.17	70.3	71.25	72.12	72.99	73.78	74.61	75.44	76.26	77.1	77.95	78.8	79.7
466	"Mali"	57.95	60.04	61.81	63.33	64.59	65.63	66.55	67.32	68.03	68.65	69.22	69.8	70.3	70.88	71.41	71.97	72.56
478	"Mauritania"	61.89	62.52	63.09	63.63	64.11	64.56	65.01	65.44	65.86	66.23	66.63	67.04	67.39	67.78	68.16	68.58	69
562	"Niger"	59.54	61.29	62.85	64.2	65.38	66.41	67.29	68.09	68.77	69.39	69.98	70.53	71.1	71.68	72.26	72.87	73.52
566	"Nigeria"	53.3	55.4	57.45	59.43	61.22	62.85	64.28	65.54	66.63	67.56	68.41	69.15	69.85	70.51	71.17	71.86	72.5
686	"Senegal"	65.51	66.91	68.06	69.07	69.93	70.77	71.53	72.3	73.12	73.92	74.74	75.58	76.41	77.28	78.19	79.07	79.98
694	"Sierra Leone"	51.67	53.59	55.37	57.02	58.48	59.78	60.9	61.85	62.69	63.42	64.1	64.73	65.24	65.75	66.27	66.72	67.17
768	"Togo"	59.66	60.77	61.71	62.51	63.21	63.85	64.41	64.95	65.47	65.93	66.39	66.86	67.29	67.69	68.1	68.5	68.88
935	"ASIA"	70.9286987591112	71.8173250794131	72.6058544443432	73.3361171072112	74.0235964974172	74.7065058386872	75.3774354342711	76.0471169739923	76.6950718725666	77.3453165659136	77.9804329401818	78.6263475460645	79.2608997218035	79.8998305800032	80.5637858745929	81.223719974484	81.9164056242824
906	"Eastern Asia"	75.7098923880899	76.4779557650244	77.2236949868408	77.9698941957583	78.7154910347604	79.4956205070277	80.2878003729985	81.0989586070143	81.9230009450471	82.7235020491961	83.489482830011	84.1955429310403	84.8342369901849	85.4277336328543	85.9698993933107	86.4852970539689	87.0262342298718
156	"China"	75.01	75.79	76.58	77.38	78.19	79.02	79.84	80.68	81.54	82.38	83.18	83.9	84.54	85.13	85.67	86.17	86.71
344	"China, Hong Kong SAR"	81.23	81.93	82.64	83.33	83.99	84.65	85.3	85.94	86.55	87.17	87.8	88.41	89.02	89.62	90.23	90.83	91.42
446	"China, Macao SAR"	81.07	81.82	82.55	83.28	83.97	84.64	85.31	85.96	86.6	87.24	87.87	88.5	89.11	89.72	90.33	90.94	91.54
158	"China, Taiwan Province of China"	77.48	78.57	79.66	80.74	81.68	82.47	83.16	83.8	84.41	85.02	85.62	86.2	86.76	87.34	87.91	88.49	89.07
408	"Dem. People's Republic of Korea"	68.3	69.37	70.38	71.35	72.3	73.26	74.22	75.15	76.15	77.11	78.13	79.1	80.05	80.97	81.79	82.52	83.19
392	"Japan"	80.73	81.43	82.1	82.78	83.43	84.07	84.71	85.35	85.96	86.56	87.15	87.75	88.34	88.92	89.5	90.08	90.67
496	"Mongolia"	65.47	66.35	67.2	68.04	68.89	69.79	70.67	71.59	72.52	73.43	74.39	75.36	76.37	77.41	78.41	79.38	80.28
410	"Republic of Korea"	79.33	80.38	81.23	82.02	82.78	83.51	84.22	84.92	85.6	86.26	86.91	87.54	88.19	88.8	89.42	90.04	90.63
921	"South-Central Asia"	67.6660766399166	68.667213630872	69.5409404334342	70.3427089822331	71.0766410584076	71.8038572531291	72.5221107190691	73.2435532600168	73.9427972761237	74.6618888934867	75.3562166216941	76.0882679617023	76.8234913629234	77.5606324122699	78.3341588522891	79.090324063532	79.8900534530377
5500	"Central Asia"	66.9832264752017	67.7323196594142	68.4774684805736	69.2082489089825	69.9446040948591	70.6934299172536	71.4646774900612	72.2497608310904	73.0473414173181	73.8607030916798	74.7154459811584	75.5720187110273	76.4788736197383	77.3893714520621	78.2989014051867	79.1902255398241	80.0321914121981
398	"Kazakhstan"	65.19	66.1	67	67.9	68.81	69.72	70.66	71.62	72.58	73.56	74.57	75.56	76.62	77.62	78.62	79.53	80.34
417	"Kyrgyzstan"	67.07	67.8	68.57	69.34	70.13	70.91	71.74	72.59	73.47	74.38	75.3	76.23	77.2	78.17	79.11	80	80.86
762	"Tajikistan"	68.45	69.2	69.93	70.68	71.46	72.22	73.02	73.85	74.7	75.57	76.47	77.37	78.29	79.22	80.16	81.07	81.88
795	"Turkmenistan"	64.51	65.09	65.63	66.18	66.69	67.23	67.75	68.29	68.9	69.49	70.13	70.8	71.5	72.21	72.97	73.73	74.55
860	"Uzbekistan"	68.62	69.15	69.69	70.24	70.83	71.46	72.11	72.78	73.49	74.23	75.01	75.78	76.59	77.44	78.3	79.18	80.05
5501	"Southern Asia"	67.6844546167652	68.6961497420153	69.5753022281014	70.3796310558862	71.1128742782798	71.8387313967568	72.5547118016751	73.2737117129974	73.9688586058714	74.6840367666213	75.3727138604471	76.1009320719952	76.8299999956413	77.5605343564239	78.3292245723335	79.081072952293	79.8803175314265
4	"Afghanistan"	62.93	64.43	65.67	66.67	67.55	68.3	68.97	69.59	70.19	70.77	71.36	71.97	72.57	73.23	73.89	74.59	75.33
50	"Bangladesh"	71.34	72.7	73.93	75.08	76.16	77.24	78.28	79.31	80.36	81.4	82.38	83.29	84.07	84.77	85.38	85.96	86.55
64	"Bhutan"	70.4	71.77	72.86	73.76	74.64	75.47	76.26	77.06	77.85	78.64	79.42	80.25	81.07	81.88	82.65	83.37	84.09
356	"India"	67.42	68.43	69.3	70.07	70.77	71.46	72.14	72.84	73.53	74.27	74.98	75.75	76.54	77.32	78.15	78.98	79.85
364	"Iran (Islamic Republic of)"	75.07	76.08	77.05	78.01	78.95	79.9	80.85	81.78	82.67	83.52	84.3	84.97	85.58	86.18	86.76	87.32	87.87
462	"Maldives"	76.9	78.2	79.4	80.5	81.54	82.55	83.48	84.3	85.02	85.64	86.21	86.78	87.35	87.89	88.42	88.96	89.49
524	"Nepal"	69.14	70.47	71.58	72.58	73.52	74.45	75.34	76.25	77.14	78.03	78.97	79.87	80.8	81.69	82.57	83.35	84.06
586	"Pakistan"	65.66	66.29	66.88	67.47	68.02	68.53	69.07	69.57	70.09	70.59	71.14	71.73	72.36	73.01	73.75	74.46	75.27
144	"Sri Lanka"	72.23	73.24	74.25	75.25	76.25	77.27	78.29	79.33	80.35	81.28	82.09	82.83	83.5	84.1	84.69	85.26	85.81
920	"South-Eastern Asia"	68.5548532331885	69.3811592676457	70.1490532473725	70.8667671044508	71.5843782876185	72.2864939518313	72.9647940398976	73.6227555068751	74.2525300141645	74.8815983043871	75.5159330075107	76.1544541897837	76.7910554709271	77.4589967538583	78.1712531674449	78.904700959001	79.6481641038551
96	"Brunei Darussalam"	75.9	76.69	77.48	78.29	79.11	79.95	80.8	81.67	82.52	83.33	84.06	84.7	85.29	85.83	86.35	86.87	87.4
116	"Cambodia"	67.24	68.72	69.98	71.1	72.15	73.18	74.14	75.07	75.98	76.92	77.86	78.78	79.71	80.6	81.49	82.32	83.08
360	"Indonesia"	67.35	68.01	68.62	69.18	69.75	70.31	70.87	71.47	72.08	72.7	73.37	74.06	74.76	75.51	76.3	77.11	77.92
418	"Lao People's Democratic Republic"	65.58	67.04	68.27	69.35	70.28	71.13	71.94	72.75	73.54	74.33	75.13	75.94	76.75	77.58	78.42	79.29	80.16
458	"Malaysia"	73.37	74.15	74.93	75.74	76.57	77.41	78.27	79.16	80.03	80.96	81.85	82.69	83.45	84.13	84.74	85.29	85.84
104	"Myanmar"	64.38	65.01	65.6	66.14	66.66	67.16	67.65	68.11	68.59	69.09	69.57	70.13	70.67	71.27	71.9	72.58	73.26
608	"Philippines"	66.01	66.62	67.21	67.76	68.35	68.96	69.59	70.28	70.96	71.68	72.42	73.17	73.96	74.79	75.67	76.54	77.44
702	"Singapore"	81.25	82.22	82.97	83.67	84.35	84.99	85.62	86.27	86.9	87.52	88.13	88.72	89.34	89.92	90.54	91.12	91.72
764	"Thailand"	71.91	72.99	74.07	75.13	76.22	77.31	78.41	79.47	80.45	81.32	82.08	82.78	83.42	84.01	84.6	85.16	85.7
626	"Timor-Leste"	67.6	68.81	69.81	70.69	71.5	72.27	73.04	73.8	74.57	75.34	76.16	76.94	77.76	78.58	79.44	80.3	81.15
704	"Viet Nam"	71.89	73.06	74.23	75.41	76.57	77.71	78.77	79.66	80.41	81.09	81.73	82.34	82.94	83.51	84.1	84.67	85.24
922	"Western Asia"	71.3727271937875	72.7976137845981	73.7778334003619	74.6166564924977	75.4004049702986	76.1794334087278	76.90906498008	77.6016503278969	78.2375853599161	78.8485102572859	79.4462996606544	80.0332897917868	80.6182801656725	81.1872924487542	81.7467543581514	82.3166469899574	82.8883643078961
51	"Armenia"	71.49	72.35	73.23	74.11	75	75.91	76.85	77.77	78.74	79.72	80.67	81.58	82.35	83.07	83.73	84.33	84.9
31	"Azerbaijan"	69.06	69.58	70.13	70.71	71.31	71.95	72.63	73.31	74.05	74.81	75.59	76.44	77.27	78.11	78.99	79.9	80.76
48	"Bahrain"	76.25	76.91	77.57	78.24	78.93	79.64	80.36	81.07	81.81	82.52	83.22	83.88	84.47	85.03	85.55	86.03	86.53
196	"Cyprus"	78.64	79.62	80.62	81.6	82.55	83.35	84.04	84.64	85.25	85.82	86.38	86.93	87.5	88.07	88.61	89.15	89.7
268	"Georgia"	69.31	70.17	71.03	71.89	72.8	73.71	74.63	75.58	76.55	77.54	78.52	79.47	80.35	81.16	81.87	82.53	83.14
368	"Iraq"	67.81	68.53	69.18	69.78	70.37	71.02	71.64	72.31	72.98	73.7	74.43	75.17	75.95	76.75	77.57	78.43	79.26
376	"Israel"	81.03	82.07	83.03	83.8	84.45	85.08	85.69	86.3	86.88	87.49	88.08	88.67	89.26	89.85	90.43	91.02	91.61
400	"Jordan"	72.85	73.52	74.19	74.85	75.56	76.27	77	77.74	78.51	79.29	80.14	80.96	81.77	82.59	83.32	84	84.58
414	"Kuwait"	73.95	74.46	74.98	75.51	76.08	76.68	77.28	77.91	78.56	79.21	79.91	80.62	81.34	82.03	82.74	83.4	84.03
422	"Lebanon"	78.25	79.23	80.22	81.23	82.22	83.19	84.02	84.74	85.38	85.99	86.61	87.18	87.78	88.38	88.96	89.54	90.12
512	"Oman"	75.67	76.84	77.97	79.1	80.21	81.33	82.39	83.33	84.15	84.84	85.48	86.09	86.69	87.3	87.89	88.47	89.05
634	"Qatar"	77.64	78.45	79.26	80.09	80.91	81.75	82.57	83.34	84.08	84.71	85.26	85.78	86.29	86.8	87.31	87.82	88.34
682	"Saudi Arabia"	73.5	74.25	74.99	75.74	76.49	77.24	78	78.78	79.56	80.36	81.17	81.97	82.75	83.47	84.12	84.71	85.25
275	"State of Palestine"	71.83	72.59	73.35	74.09	74.86	75.61	76.41	77.21	78.02	78.85	79.71	80.57	81.42	82.25	83.02	83.74	84.35
760	"Syrian Arab Republic"	65.86	73.13	75.71	76.52	77.26	78.04	78.65	79.25	79.84	80.41	80.96	81.51	82.04	82.56	83.08	83.58	84.12
792	"Turkey"	72.88	74.17	75.41	76.64	77.83	79.02	80.16	81.23	82.11	82.88	83.58	84.23	84.85	85.45	86.05	86.61	87.2
784	"United Arab Emirates"	76.79	77.57	78.35	79.12	79.93	80.74	81.54	82.35	83.12	83.87	84.52	85.12	85.68	86.2	86.73	87.28	87.82
887	"Yemen"	63.77	64.63	65.38	66.08	66.73	67.34	67.93	68.47	69	69.55	70.06	70.65	71.28	71.9	72.58	73.31	74.07
908	"EUROPE"	74.7038320343607	75.7251184355339	76.7147391198797	77.6472821881494	78.5207312139696	79.342917616381	80.1279822098231	80.8905697616536	81.6483540229525	82.4128457070202	83.1886849451811	83.9513796955464	84.6893544140306	85.3798288161428	86.014099206152	86.6271089728123	87.2192283861621
923	"Eastern Europe"	68.2273873646603	69.1585716882477	70.0886067151643	71.0183627220069	71.9592923269639	72.8861977439406	73.8139561163331	74.7232581799725	75.6258699617278	76.512839125851	77.4068308930856	78.2753075850647	79.1130596799169	79.9121391092771	80.6366017339003	81.3224092981767	81.9347606498087
112	"Belarus"	67.53	68.52	69.51	70.5	71.51	72.52	73.52	74.56	75.62	76.67	77.67	78.56	79.36	80.08	80.74	81.35	81.93
100	"Bulgaria"	71.53	72.26	72.99	73.74	74.51	75.28	76.08	76.9	77.75	78.62	79.48	80.32	81.14	81.89	82.57	83.18	83.75
203	"Czechia"	76.04	76.98	77.91	78.87	79.84	80.81	81.71	82.48	83.15	83.77	84.38	84.93	85.47	86	86.56	87.09	87.65
348	"Hungary"	72.49	73.28	74.12	74.97	75.83	76.73	77.67	78.6	79.53	80.46	81.3	82.08	82.77	83.38	83.96	84.52	85.06
616	"Poland"	73.92	74.94	75.96	77.01	78.07	79.09	80.04	80.85	81.56	82.21	82.83	83.41	83.98	84.53	85.08	85.64	86.19
498	"Republic of Moldova"	67.42	68.13	68.84	69.59	70.36	71.16	71.97	72.81	73.69	74.59	75.54	76.45	77.42	78.39	79.32	80.2	81
642	"Romania"	72.15	72.98	73.83	74.71	75.6	76.51	77.45	78.39	79.34	80.27	81.14	81.95	82.66	83.31	83.91	84.5	85.05
643	"Russian Federation"	65.59	66.51	67.41	68.31	69.23	70.14	71.08	72.03	72.97	73.93	74.92	75.9	76.87	77.82	78.67	79.48	80.18
703	"Slovakia"	73.47	74.34	75.21	76.09	76.98	77.92	78.87	79.8	80.69	81.5	82.21	82.85	83.44	84.01	84.55	85.07	85.6
804	"Ukraine"	67.06	68.01	68.94	69.88	70.83	71.76	72.7	73.65	74.62	75.59	76.59	77.61	78.54	79.39	80.19	80.89	81.54
924	"Northern Europe"	79.3438556613114	80.3823058075162	81.3975572504993	82.3447520558981	83.1666817573409	83.8727161142133	84.5248004792527	85.1531159439444	85.7429431308938	86.3530737454266	86.9500756195637	87.5309094708133	88.1185170113537	88.7013523219396	89.2631969245875	89.8336191095506	90.3897046843588
830	"Channel Islands"	79.58	80.51	81.45	82.41	83.3	84.05	84.7	85.28	85.84	86.41	86.96	87.51	88.07	88.64	89.21	89.76	90.32
208	"Denmark"	79.01	79.95	80.9	81.85	82.78	83.58	84.26	84.86	85.44	86.01	86.56	87.11	87.64	88.19	88.73	89.28	89.81
233	"Estonia"	73.01	74.17	75.35	76.53	77.69	78.73	79.6	80.34	81.02	81.65	82.26	82.85	83.44	84.02	84.6	85.16	85.74
246	"Finland"	78.8	79.94	80.94	81.73	82.41	83.06	83.68	84.28	84.88	85.47	86.05	86.63	87.22	87.8	88.38	88.94	89.51
352	"Iceland"	81.56	82.57	83.45	84.16	84.78	85.37	85.92	86.47	87	87.55	88.07	88.62	89.16	89.69	90.21	90.73	91.26
372	"Ireland"	79.77	80.82	81.89	82.83	83.59	84.27	84.9	85.5	86.09	86.69	87.28	87.88	88.46	89.04	89.6	90.18	90.76
428	"Latvia"	69.73	70.66	71.62	72.55	73.52	74.5	75.51	76.53	77.55	78.51	79.38	80.15	80.85	81.48	82.08	82.67	83.21
440	"Lithuania"	69.41	70.36	71.32	72.27	73.24	74.22	75.21	76.23	77.22	78.13	78.98	79.71	80.38	80.99	81.56	82.11	82.64
578	"Norway"	80.54	81.56	82.52	83.29	83.95	84.56	85.16	85.72	86.27	86.83	87.38	87.93	88.47	89.02	89.57	90.13	90.66
752	"Sweden"	81.02	82.04	82.98	83.71	84.36	84.96	85.55	86.12	86.68	87.25	87.81	88.36	88.91	89.48	90.03	90.6	91.15
826	"United Kingdom"	80.01	81	81.98	82.95	83.76	84.43	85.03	85.62	86.18	86.76	87.34	87.89	88.46	89.03	89.59	90.16	90.72
925	"Southern Europe"	79.4576753831109	80.3560449929356	81.1608760109919	81.9073494558292	82.6290834577203	83.3343009708013	84.0078343196605	84.6500548817717	85.2660006171519	85.8689531316319	86.4789979595208	87.095462529054	87.7199507889524	88.3289720319049	88.9285891975296	89.5182535007985	90.0884670678993
8	"Albania"	76.55	77.48	78.41	79.38	80.34	81.34	82.32	83.23	83.98	84.65	85.25	85.83	86.41	86.99	87.56	88.14	88.69
70	"Bosnia and Herzegovina"	74.65	75.59	76.53	77.48	78.43	79.39	80.37	81.36	82.29	83.1	83.81	84.46	85.04	85.6	86.14	86.7	87.26
191	"Croatia"	74.6	75.58	76.57	77.58	78.58	79.63	80.62	81.51	82.26	82.95	83.57	84.17	84.75	85.3	85.87	86.41	86.96
300	"Greece"	79.03	80.13	81.2	82.06	82.78	83.44	84.06	84.67	85.26	85.85	86.42	87	87.58	88.15	88.73	89.31	89.87
380	"Italy"	81.05	81.95	82.66	83.32	83.97	84.6	85.21	85.82	86.42	87.02	87.6	88.2	88.79	89.37	89.93	90.52	91.09
470	"Malta"	79.48	80.41	81.37	82.34	83.26	84.08	84.75	85.35	85.92	86.49	87.07	87.62	88.19	88.73	89.29	89.85	90.4
499	"Montenegro"	74.92	75.86	76.8	77.73	78.65	79.59	80.54	81.48	82.38	83.17	83.87	84.49	85.06	85.58	86.1	86.62	87.12
620	"Portugal"	78.55	79.76	80.81	81.62	82.34	83.01	83.67	84.31	84.94	85.57	86.18	86.78	87.39	88	88.61	89.19	89.78
688	"Serbia"	72.56	73.31	74.07	74.86	75.66	76.48	77.32	78.18	79.06	79.95	80.85	81.72	82.49	83.22	83.87	84.45	85
705	"Slovenia"	78.35	79.46	80.55	81.46	82.18	82.85	83.49	84.1	84.71	85.3	85.89	86.48	87.06	87.64	88.23	88.81	89.38
724	"Spain"	80.6	81.34	82.04	82.71	83.36	83.99	84.62	85.25	85.85	86.45	87.08	87.67	88.26	88.83	89.39	89.98	90.57
807	"TFYR Macedonia"	73.91	74.66	75.44	76.23	77.03	77.86	78.7	79.57	80.44	81.34	82.2	83.02	83.77	84.42	85.01	85.55	86.09
926	"Western Europe"	79.4947471802219	80.4503085677459	81.3775893228321	82.21362668022	82.9415303892055	83.6032221081812	84.2185924472978	84.8176453094128	85.412451744751	85.9983687638296	86.5651633869351	87.1344088944353	87.7135036532435	88.2866072967865	88.8653910810348	89.4334662417312	90.0025247644441
40	"Austria"	79.47	80.59	81.64	82.45	83.15	83.81	84.44	85.05	85.65	86.26	86.83	87.42	88.01	88.59	89.17	89.76	90.33
56	"Belgium"	79.02	80.09	81.16	82.1	82.86	83.54	84.16	84.75	85.36	85.92	86.49	87.05	87.61	88.17	88.72	89.26	89.82
250	"France"	79.9	80.69	81.39	82.05	82.68	83.31	83.93	84.54	85.14	85.73	86.32	86.91	87.5	88.08	88.66	89.24	89.81
276	"Germany"	78.96	79.99	81.04	82.01	82.81	83.49	84.13	84.74	85.34	85.92	86.49	87.07	87.64	88.21	88.79	89.34	89.92
442	"Luxembourg"	79.84	80.92	81.95	82.77	83.47	84.1	84.72	85.32	85.93	86.51	87.08	87.67	88.25	88.81	89.38	89.96	90.52
528	"Netherlands"	80.33	81.31	82.29	83.16	83.87	84.5	85.07	85.62	86.16	86.7	87.21	87.74	88.25	88.77	89.3	89.83	90.34
756	"Switzerland"	81.61	82.46	83.15	83.79	84.43	85.06	85.67	86.27	86.86	87.46	88.05	88.63	89.22	89.79	90.36	90.95	91.52
904	"LATIN AMERICA AND THE CARIBBEAN"	72.4923822964987	73.5955652371582	74.6774999137539	75.7553688518751	76.8262933093927	77.8772797940158	78.9282866580654	79.9317665802457	80.8462448443692	81.6686103379358	82.4178520411705	83.1032252415389	83.757132953815	84.3708860161811	84.9644741004749	85.5437967389305	86.1170086336876
915	"Caribbean"	70.7555553017176	71.7089520290757	72.628221108092	73.5144109992096	74.3564257475219	75.1362014578605	75.8207280951819	76.4532439219456	77.0330423990413	77.6173921195576	78.2215523845748	78.8376568747994	79.44999734457	80.0377780843041	80.606455563136	81.1986887571365	81.7947298516941
28	"Antigua and Barbuda"	74.08	74.87	75.71	76.56	77.43	78.33	79.25	80.16	81.08	81.99	82.83	83.58	84.23	84.84	85.41	85.97	86.52
533	"Aruba"	73.56	74.27	75.01	75.75	76.51	77.3	78.09	78.9	79.72	80.56	81.4	82.19	82.94	83.61	84.22	84.79	85.28
44	"Bahamas"	72.82	73.66	74.5	75.35	76.21	77.11	78.03	78.97	79.94	80.87	81.76	82.56	83.27	83.92	84.52	85.1	85.64
52	"Barbados"	73.68	74.47	75.28	76.1	76.93	77.8	78.68	79.56	80.46	81.38	82.25	83.05	83.77	84.42	84.99	85.56	86.1
192	"Cuba"	78.08	79.06	80.05	81.05	82.06	82.97	83.76	84.44	85.06	85.63	86.18	86.72	87.28	87.82	88.36	88.91	89.45
531	"Cura~ASSao"	75.48	76.47	77.47	78.48	79.51	80.53	81.47	82.29	82.99	83.63	84.23	84.81	85.35	85.9	86.46	86.98	87.5
214	"Dominican Republic"	71.09	72	72.93	73.84	74.79	75.73	76.69	77.67	78.64	79.65	80.61	81.51	82.34	83.08	83.73	84.37	84.94
308	"Grenada"	71.38	72.01	72.67	73.35	74.06	74.78	75.54	76.3	77.11	77.96	78.8	79.66	80.53	81.4	82.26	83.02	83.72
312	"Guadeloupe"	78.21	79.46	80.35	81.14	81.87	82.56	83.25	83.92	84.57	85.2	85.83	86.46	87.06	87.67	88.27	88.88	89.46
332	"Haiti"	61.5	62.65	63.65	64.57	65.38	66.13	66.78	67.44	68.03	68.61	69.18	69.77	70.37	70.99	71.63	72.31	73
388	"Jamaica"	73.77	74.49	75.22	75.96	76.75	77.55	78.38	79.21	80.08	80.93	81.8	82.61	83.35	84	84.59	85.14	85.67
474	"Martinique"	79.18	80.25	81.06	81.81	82.53	83.22	83.89	84.54	85.19	85.84	86.47	87.08	87.69	88.3	88.9	89.5	90.08
630	"Puerto Rico"	76.39	77.59	78.76	79.68	80.45	81.13	81.78	82.4	83	83.58	84.18	84.77	85.36	85.93	86.5	87.07	87.64
662	"Saint Lucia"	73.15	74.13	75.08	76.05	77.02	77.99	78.97	79.97	80.97	81.89	82.74	83.49	84.14	84.75	85.32	85.88	86.42
670	"Saint Vincent and the Grenadines"	71.19	71.72	72.26	72.85	73.43	74.05	74.69	75.36	76.01	76.73	77.43	78.16	78.96	79.75	80.54	81.33	82.09
780	"Trinidad and Tobago"	67.38	67.89	68.41	68.97	69.56	70.18	70.84	71.5	72.16	72.86	73.61	74.34	75.13	75.92	76.73	77.57	78.41
850	"United States Virgin Islands"	77.66	78.67	79.68	80.71	81.73	82.66	83.45	84.14	84.77	85.37	85.95	86.54	87.12	87.69	88.27	88.85	89.42
916	"Central America"	74.2029820101793	75.2245493370144	76.2267240230652	77.2383135024104	78.2467629477692	79.2416048001969	80.2492464795498	81.2295149105123	82.1380829019659	82.9373873934473	83.6613415361611	84.3050335278141	84.9217556457029	85.5001701803465	86.0678159754543	86.6280087128644	87.1743502882149
84	"Belize"	68.03	68.79	69.49	70.21	70.93	71.67	72.4	73.17	73.94	74.74	75.58	76.41	77.26	78.11	79.02	79.9	80.77
188	"Costa Rica"	77.82	78.91	80.02	81.11	82.13	82.98	83.67	84.32	84.94	85.51	86.08	86.63	87.19	87.73	88.27	88.81	89.35
222	"El Salvador"	69.17	70.4	71.61	72.78	73.95	75.12	76.28	77.44	78.56	79.55	80.39	81.15	81.83	82.45	83.08	83.68	84.27
320	"Guatemala"	70.51	71.72	72.89	74.02	75.12	76.21	77.31	78.41	79.5	80.56	81.53	82.36	83.1	83.78	84.4	85	85.57
340	"Honduras"	71.32	72.24	73.12	73.98	74.85	75.73	76.63	77.52	78.44	79.38	80.31	81.21	82.09	82.89	83.6	84.24	84.84
484	"Mexico"	75.03	76.01	76.98	77.97	78.96	79.95	80.95	81.93	82.83	83.6	84.3	84.91	85.5	86.06	86.61	87.17	87.71
558	"Nicaragua"	72.72	73.99	75.2	76.4	77.58	78.75	79.89	80.98	81.96	82.78	83.51	84.2	84.83	85.44	86.03	86.61	87.18
591	"Panama"	75.41	76.49	77.57	78.66	79.74	80.81	81.76	82.56	83.24	83.9	84.52	85.11	85.69	86.26	86.82	87.39	87.94
931	"South America"	72.0960361174101	73.227092128681	74.336340384825	75.439435526373	76.5369063363457	77.6153100007351	78.6988326188246	79.7270814669511	80.6586829934667	81.4996903521227	82.262050262586	82.960392005837	83.6216601942293	84.2426331575193	84.8427036951238	85.424107809535	86.0034624564401
32	"Argentina"	73.06	74.01	74.97	75.95	76.95	77.98	79.02	80.01	80.9	81.69	82.4	83.03	83.62	84.22	84.78	85.34	85.9
68	"Bolivia (Plurinational State of)"	67.13	68.63	69.9	71.06	72.13	73.14	74.14	75.12	76.09	77.04	78	78.97	79.91	80.83	81.72	82.5	83.22
76	"Brazil"	72.2	73.39	74.55	75.72	76.9	78.04	79.21	80.29	81.21	82.02	82.74	83.41	84.07	84.68	85.27	85.85	86.44
152	"Chile"	77.31	78.46	79.59	80.72	81.79	82.69	83.44	84.11	84.74	85.35	85.92	86.5	87.07	87.61	88.18	88.74	89.26
170	"Colombia"	71.13	72.07	73.02	73.96	74.93	75.9	76.89	77.89	78.91	79.92	80.86	81.68	82.41	83.09	83.74	84.33	84.91
218	"Ecuador"	73.99	75.12	76.22	77.31	78.39	79.49	80.55	81.59	82.49	83.27	83.96	84.59	85.2	85.76	86.33	86.89	87.45
254	"French Guiana"	77.32	78.55	79.77	80.82	81.68	82.41	83.09	83.77	84.41	85.03	85.64	86.25	86.87	87.48	88.07	88.68	89.26
328	"Guyana"	64.53	65.01	65.46	65.94	66.37	66.81	67.22	67.64	68.08	68.53	69.02	69.53	70.03	70.6	71.22	71.87	72.51
600	"Paraguay"	71.1	71.55	72.04	72.56	73.12	73.69	74.32	74.96	75.66	76.37	77.09	77.86	78.66	79.48	80.32	81.13	81.95
604	"Peru"	72.73	73.85	74.96	76.02	77.08	78.12	79.18	80.23	81.28	82.21	83.05	83.78	84.42	85.04	85.62	86.19	86.76
740	"Suriname"	68.37	68.93	69.53	70.16	70.8	71.48	72.16	72.89	73.64	74.4	75.2	76.01	76.87	77.72	78.6	79.51	80.39
858	"Uruguay"	74.13	75.05	75.98	76.96	77.94	78.94	79.93	80.84	81.67	82.38	83.01	83.64	84.23	84.81	85.35	85.92	86.47
862	"Venezuela (Bolivarian Republic of)"	70.87	71.8	72.75	73.71	74.68	75.66	76.68	77.71	78.72	79.71	80.59	81.36	82.06	82.69	83.31	83.89	84.46
905	"NORTHERN AMERICA"	77.6748708674958	78.6014444063986	79.5061294028922	80.4092879135659	81.3206659318466	82.1975690102559	83.0249313713947	83.7326737990464	84.3819576625344	84.9528635147769	85.5290142797617	86.0525822717882	86.5953761074658	87.1226772873054	87.6372135856469	88.1829451784196	88.6864858646892
124	"Canada"	80.74	81.8	82.74	83.47	84.13	84.74	85.34	85.92	86.5	87.05	87.63	88.18	88.76	89.32	89.86	90.41	90.94
840	"United States of America"	77.34	78.24	79.14	80.05	80.99	81.91	82.76	83.49	84.15	84.72	85.28	85.82	86.36	86.87	87.39	87.93	88.44
909	"OCEANIA"	76.6652238489736	77.5210852784088	78.166297116796	78.7335480210493	79.2420193839898	79.757501049222	80.2318754962833	80.6806510727929	81.1406189661913	81.5882830102392	82.0472754743688	82.5163050375353	83.0057797602537	83.5346913249779	84.0933765397944	84.643594181673	85.2302431034072
927	"Australia/New Zealand"	81.1480934382443	82.1349901420626	82.9214384797775	83.6180239171592	84.2525799743979	84.884445880505	85.4817927116585	86.0700153798436	86.6832890767485	87.2568835061682	87.8574718871607	88.4529519011848	89.0359572597398	89.6317747588494	90.2222039116878	90.7802204604017	91.3901222570828
36	"Australia"	81.28	82.27	83.01	83.67	84.3	84.92	85.52	86.11	86.72	87.29	87.9	88.49	89.07	89.68	90.27	90.84	91.44
554	"New Zealand"	80.45	81.41	82.39	83.3	84.05	84.7	85.3	85.88	86.47	87.06	87.64	88.2	88.77	89.35	89.92	90.49	91.07
928	"Melanesia"	64.4973605854029	65.1845973957283	65.8164001122203	66.4255132107761	66.9861049643437	67.5497580861293	68.069403824474	68.5540213722095	69.0361108352002	69.55963301977	70.0716285577354	70.5955504423139	71.1427089466777	71.7072900289637	72.3131451124249	72.9376769337674	73.5802563674769
242	"Fiji"	67.59	68.22	68.81	69.45	70.08	70.76	71.46	72.17	72.9	73.69	74.48	75.31	76.12	77.01	77.88	78.8	79.72
540	"New Caledonia"	74.66	75.65	76.67	77.68	78.71	79.76	80.79	81.75	82.61	83.36	84.03	84.64	85.25	85.82	86.39	86.96	87.52
598	"Papua New Guinea"	63.35	64.03	64.64	65.22	65.74	66.26	66.74	67.19	67.63	68.11	68.58	69.07	69.57	70.1	70.68	71.29	71.93
90	"Solomon Islands"	69.63	70.79	71.81	72.75	73.64	74.52	75.36	76.2	77.03	77.88	78.72	79.59	80.46	81.28	82.11	82.9	83.61
548	"Vanuatu"	70.3	71.15	71.99	72.83	73.66	74.49	75.35	76.22	77.13	78	78.92	79.85	80.79	81.71	82.56	83.34	84.04
954	"Micronesia"	71.3117063274399	72.1858558493097	73.0352257499369	73.8195363977894	74.5263233432631	75.1143940007075	75.6270458237133	76.1230077850818	76.6372646278195	77.1795718885664	77.7713643820255	78.3692306100579	78.9674574908866	79.524713987347	80.0521450719264	80.6061356543464	81.181667319842
316	"Guam"	77.47	78.56	79.68	80.77	81.85	82.76	83.52	84.21	84.86	85.49	86.1	86.7	87.31	87.9	88.5	89.08	89.67
296	"Kiribati"	63.31	64.1	64.83	65.51	66.16	66.77	67.33	67.93	68.55	69.19	69.87	70.54	71.25	71.96	72.69	73.51	74.28
583	"Micronesia (Fed. States of)"	68.18	68.6	69.01	69.38	69.74	70.1	70.46	70.84	71.23	71.63	72.08	72.57	73.09	73.65	74.2	74.79	75.44
957	"Polynesia"	73.0050089117476	74.0234656377047	75.0155558075825	76.0028991362732	76.9977484806498	77.9963154202459	78.9958240795212	79.9746578450479	80.8883628735238	81.6980258302499	82.4205675240435	83.0851358884856	83.7268081000385	84.3578723540484	84.9823538823941	85.5858095242848	86.1770787027169
258	"French Polynesia"	74.94	75.91	76.86	77.84	78.83	79.83	80.83	81.82	82.76	83.58	84.3	84.93	85.53	86.11	86.7	87.27	87.86
882	"Samoa"	72.34	73.52	74.69	75.82	76.97	78.1	79.23	80.34	81.37	82.25	83.01	83.71	84.37	84.98	85.56	86.14	86.72
776	"Tonga"	70.23	70.9	71.6	72.32	73.06	73.84	74.62	75.44	76.28	77.14	78.03	78.93	79.84	80.73	81.58	82.38	83.08
