"country_code"	"name"	"2015-2020"	"2020-2025"	"2025-2030"	"2030-2035"	"2035-2040"	"2040-2045"	"2045-2050"	"2050-2055"	"2055-2060"	"2060-2065"	"2065-2070"	"2070-2075"	"2075-2080"	"2080-2085"	"2085-2090"	"2090-2095"	"2095-2100"
4	"Afghanistan"	60.7438	61.25	61.6501	61.9998	62.4084	62.7614	63.1385	63.4029	63.7528	64.0351	64.3167	64.5686	64.791	65.0573	65.3456	65.6379	65.9872
8	"Albania"	74.9576	75.0996	75.3921	75.828	76.2878	76.8931	77.4484	78.0477	78.6971	79.3468	80.0438	80.6797	81.2906	81.8648	82.354	82.8881	83.3427
12	"Algeria"	73.3526	73.4967	73.7552	74.1526	74.6159	75.146	75.7434	76.221	76.7918	77.3346	77.9466	78.5799	79.2657	79.8496	80.5046	80.9961	81.5431
24	"Angola"	56.9972	57.5311	58.0103	58.6018	59.0516	59.4508	59.9248	60.3634	60.7994	61.1587	61.4815	61.7873	62.1516	62.4823	62.7863	63.2532	63.5175
28	"Antigua and Barbuda"	72.4083	72.3564	72.5189	72.8345	73.1961	73.6233	74.1248	74.6563	75.3208	75.8449	76.4916	77.0736	77.7082	78.365	78.934	79.5416	80.1549
32	"Argentina"	71.4416	71.5694	71.9294	72.4545	72.939	73.5016	74.1301	74.7818	75.4661	76.2	76.9309	77.6437	78.241	78.8232	79.4049	79.9816	80.533
51	"Armenia"	69.7869	69.8571	70.0456	70.3971	70.8325	71.2962	71.778	72.3589	72.9259	73.5169	74.0688	74.6749	75.3973	76.0425	76.6851	77.3439	77.9936
533	"Aruba"	71.8315	71.7401	71.8793	72.0307	72.2718	72.5036	72.9379	73.3662	73.7325	74.1892	74.6531	75.2804	75.7678	76.3233	76.8819	77.4081	77.8954
36	"Australia"	79.7532	80.083	80.6452	81.1734	81.7407	82.2015	82.6418	83.0899	83.5237	83.9326	84.3848	84.7543	85.1814	85.6494	86.0652	86.5149	86.9738
40	"Austria"	77.9241	78.2479	78.825	79.4066	80.1091	80.636	81.1297	81.6997	82.1505	82.6379	83.0709	83.5063	83.9093	84.3393	84.7207	85.165	85.5445
31	"Azerbaijan"	67.3002	67.0051	66.8362	66.7773	66.8842	67.0369	67.2347	67.4765	67.7738	68.1106	68.518	69.0177	69.5204	70.0166	70.3788	70.8919	71.4299
44	"Bahamas"	71.1551	71.1105	71.3403	71.5792	72.0531	72.542	73.0151	73.5544	74.1655	74.7206	75.3443	75.9456	76.5974	77.2614	77.8699	78.5036	79.1043
48	"Bahrain"	74.5608	74.3457	74.3527	74.4549	74.6728	74.963	75.2914	75.6393	76.0038	76.3947	76.8088	77.2785	77.7525	78.2333	78.7354	79.2124	79.6998
50	"Bangladesh"	69.4063	69.8448	70.2509	70.7612	71.3453	71.8596	72.452	73.0006	73.5184	74.2152	74.7748	75.429	76.1757	76.8614	77.6028	78.3151	79.0616
52	"Barbados"	71.9714	71.9222	72.0347	72.3509	72.6948	73.097	73.4471	74.01	74.5626	75.1292	75.6827	76.3301	76.8988	77.5558	78.115	78.7314	79.3629
112	"Belarus"	65.8548	66.0098	66.3818	66.8438	67.3708	67.9357	68.5003	69.1484	69.8249	70.5265	71.162	71.8625	72.5311	73.2232	73.9572	74.6149	75.292
56	"Belgium"	77.4646	77.7324	78.2301	78.8368	79.4358	80.0262	80.6175	81.1883	81.6071	82.1442	82.6185	83.0382	83.46	83.8555	84.2538	84.6337	85.023
84	"Belize"	66.2231	66.1686	66.2221	66.4084	66.6833	66.9171	67.2024	67.4995	67.8797	68.2361	68.7341	69.2231	69.7551	70.2781	70.8543	71.3842	71.8693
204	"Benin"	57.6527	57.8075	57.9483	58.1965	58.362	58.6326	58.8553	59.1027	59.3095	59.4986	59.7391	59.8771	60.074	60.3446	60.5947	60.8334	61.0638
64	"Bhutan"	68.3921	68.8036	69.209	69.497	69.8263	70.138	70.354	70.6241	70.9343	71.2075	71.5407	71.9664	72.3814	72.7912	73.2235	73.708	74.2431
68	"Bolivia (Plurinational State of)"	65.0727	65.6638	66.2333	66.7263	67.1749	67.7032	68.1148	68.566	69.0863	69.6693	70.0769	70.5673	71.1772	71.7482	72.4206	73.0295	73.6242
70	"Bosnia and Herzegovina"	72.9937	73.0786	73.3613	73.8187	74.2747	74.7421	75.3004	75.8756	76.601	77.2565	77.9388	78.5009	79.1706	79.8009	80.3611	80.8619	81.4062
72	"Botswana"	63.4891	64.2626	64.7121	65.1014	65.5974	66.092	66.5078	67.048	67.5538	67.8975	68.1815	68.3697	68.6107	68.7248	68.9059	68.9773	69.133
76	"Brazil"	70.4954	70.8693	71.4198	71.9734	72.6056	73.3806	74.1893	74.9395	75.7696	76.5115	77.3009	78.1061	78.7212	79.3826	79.9156	80.5496	81.07
96	"Brunei Darussalam"	74.1969	74.1389	74.3012	74.5963	74.9317	75.3622	75.8338	76.3065	76.768	77.3272	77.8951	78.5279	79.1213	79.6923	80.1514	80.7288	81.3034
100	"Bulgaria"	69.8327	69.7414	69.7858	69.9683	70.1938	70.5077	70.8828	71.3031	71.7435	72.2461	72.6392	73.07	73.5874	74.1071	74.6538	75.188	75.6353
854	"Burkina Faso"	57.8038	58.3954	58.9038	59.4253	59.8518	60.2226	60.5915	60.9237	61.2344	61.645	61.9269	62.283	62.4212	62.7234	63.0181	63.3269	63.5448
108	"Burundi"	53.8956	54.5855	55.3943	56.1848	56.9032	57.5745	58.205	58.682	59.1626	59.6107	59.9639	60.3643	60.7429	61.1399	61.5571	61.8852	62.1866
132	"Cabo Verde"	69.2323	69.19	69.2552	69.4268	69.7527	70.0055	70.4226	70.7666	71.1342	71.6105	72.1058	72.5972	73.1044	73.6987	74.2495	74.7621	75.4112
116	"Cambodia"	65.3196	65.9126	66.3687	66.8721	67.3846	67.7501	68.201	68.5851	68.9978	69.4222	69.9987	70.4331	71.0534	71.4877	72.04	72.5822	73.2472
120	"Cameroon"	55.5188	56.4992	57.4244	58.2974	59.1055	59.9308	60.6583	61.5466	62.2529	62.9222	63.6136	64.2693	64.934	65.3178	65.7115	66.0632	66.2757
124	"Canada"	79.2444	79.5231	80.0208	80.6012	81.2221	81.7506	82.2202	82.6449	83.129	83.5333	83.9425	84.2687	84.6415	85.0262	85.3999	85.7827	86.1013
140	"Central African Republic"	49.0049	50.0431	51.0351	52.0168	52.9061	53.888	54.8414	55.9793	57.1729	58.2105	59.1229	59.7822	60.4839	61.1422	61.64	62.1036	62.405
148	"Chad"	49.8681	50.2813	50.8773	51.5945	52.3614	52.9507	53.669	54.3769	55.1105	55.7672	56.3413	56.9288	57.414	57.9304	58.4092	58.8847	59.3665
830	"Channel Islands"	78.0114	78.1324	78.5465	78.9784	79.4927	80.0454	80.5685	81.1098	81.6922	82.1864	82.6268	83.113	83.5405	83.9919	84.4406	84.874	85.2467
152	"Chile"	75.7191	76.0525	76.5646	77.2189	77.9046	78.5635	79.3228	80.0553	80.6786	81.2012	81.7581	82.2295	82.6718	83.1234	83.5455	83.9113	84.3276
156	"China"	73.2527	73.1977	73.2745	73.499	73.7133	74.1202	74.5267	75.0308	75.5367	76.1134	76.6746	77.1148	77.7122	78.2574	78.8929	79.3607	79.9719
344	"China, Hong Kong SAR"	80.2802	80.5992	80.9815	81.3925	81.844	82.2561	82.7355	83.1623	83.5956	84.053	84.4837	84.9551	85.4021	85.7862	86.1859	86.6075	87.0412
446	"China, Macao SAR"	80.1761	80.5174	80.9354	81.4329	81.8648	82.3702	82.8424	83.2559	83.7317	84.1942	84.6612	85.1226	85.5515	86.003	86.457	86.9082	87.3193
158	"China, Taiwan Province of China"	75.9315	76.2447	76.7833	77.3501	78.0246	78.6707	79.3762	80.0097	80.5392	81.1431	81.5881	82.0971	82.5058	82.9188	83.4051	83.8185	84.2216
170	"Colombia"	69.3605	69.4957	69.7743	70.1421	70.6083	71.1766	71.6869	72.3773	73.0119	73.6896	74.2835	75.0267	75.8685	76.5614	77.2761	77.9584	78.4467
174	"Comoros"	60.2251	60.2806	60.381	60.5476	60.6783	60.9757	61.1002	61.3098	61.4731	61.6718	61.9193	62.0902	62.2919	62.5439	62.7957	63.0054	63.2733
178	"Congo"	61.4797	62.2508	62.9061	63.6222	64.21	64.698	65.1516	65.6874	66.2744	66.8013	67.3408	67.7478	68.0082	68.2525	68.5686	68.7153	68.902
188	"Costa Rica"	76.231	76.5982	77.1294	77.7027	78.3726	78.9688	79.6718	80.2358	80.8717	81.3958	81.9238	82.3705	82.791	83.2737	83.6572	83.9738	84.3734
384	"C~A'te d'Ivoire"	50.6468	51.7258	52.7258	53.5634	54.2089	54.8954	55.393	55.978	56.425	56.8356	57.3143	57.829	58.2418	58.6858	59.0983	59.54	59.9884
191	"Croatia"	72.9098	73.1288	73.5917	74.0289	74.6134	75.2585	75.8718	76.5109	77.1567	77.8205	78.4559	79.1241	79.6947	80.2526	80.6751	81.1931	81.7165
192	"Cuba"	76.453	76.6163	76.9683	77.4489	78.009	78.6855	79.2513	79.8389	80.4973	81.1658	81.6856	82.2172	82.6569	83.0682	83.5051	83.885	84.2815
531	"Cura~ASSao"	73.9058	74.1179	74.5143	74.9656	75.5056	76.1118	76.7705	77.3854	77.9993	78.6001	79.1687	79.8109	80.3983	80.9205	81.3313	81.7425	82.2044
196	"Cyprus"	77.0962	77.3287	77.6877	78.1145	78.6595	79.2776	79.9256	80.5932	81.1705	81.6897	82.18	82.6125	83.1308	83.5196	83.9501	84.3466	84.7019
203	"Czechia"	74.455	74.5744	74.9096	75.3012	75.8235	76.3838	77.0263	77.6306	78.2712	78.8374	79.4296	80.0051	80.5144	81.106	81.5748	81.9572	82.4222
408	"Dem. People's Republic of Korea"	66.503	66.6931	66.9771	67.4017	67.8456	68.3849	68.8982	69.4568	70.0483	70.6327	71.2999	71.9827	72.5864	73.2338	73.8121	74.4984	75.16
180	"Democratic Republic of the Congo"	56.5843	57.4228	58.3456	59.1649	59.9552	60.636	61.3287	61.8766	62.3654	62.8329	63.2455	63.6294	64.058	64.3839	64.7922	65.1294	65.4219
208	"Denmark"	77.4076	77.5864	77.8755	78.333	78.8336	79.3863	79.9039	80.5349	81.1107	81.6614	82.1967	82.653	83.0807	83.5223	83.9581	84.3753	84.7393
262	"Djibouti"	59.0343	58.9808	59.0712	59.2896	59.5734	59.8225	60.0494	60.2774	60.6015	60.8263	61.0748	61.3938	61.73	62.0269	62.3629	62.7893	63.0388
214	"Dominican Republic"	69.3018	69.4274	69.6744	70.0082	70.4591	71.021	71.5143	72.1225	72.7437	73.3541	73.9947	74.6536	75.3668	76.0304	76.7354	77.504	78.1661
218	"Ecuador"	72.3066	72.5967	73.06	73.5398	74.1376	74.781	75.4774	76.2393	76.9398	77.7099	78.3612	78.9868	79.5827	80.215	80.7917	81.3624	81.8538
818	"Egypt"	67.6735	67.6048	67.6636	67.828	67.9612	68.1721	68.4421	68.8003	69.1423	69.5822	70.1266	70.6094	71.1655	71.5881	72.1624	72.6843	73.2051
222	"El Salvador"	67.3871	67.7221	68.3453	68.9545	69.6256	70.3062	71.0918	71.9224	72.6933	73.5483	74.3421	75.1611	75.9016	76.6516	77.3715	77.9897	78.5088
226	"Equatorial Guinea"	54.554	55.1865	56.442	57.7604	58.9162	59.9495	60.8777	61.9177	62.6491	63.3635	64.1278	64.8305	65.5743	66.1985	66.7237	67.084	67.5991
232	"Eritrea"	61.4631	62.3132	63.0872	63.7649	64.3228	64.8926	65.3258	65.7883	66.2652	66.6212	66.9803	67.389	67.7811	68.2349	68.7242	69.3044	69.9082
233	"Estonia"	71.4366	71.7624	72.3508	72.9502	73.7224	74.4827	75.3129	76.0436	76.7071	77.3184	77.9442	78.5069	79.0499	79.5761	80.0142	80.455	80.9259
231	"Ethiopia"	62.0698	62.9298	63.6781	64.371	64.8261	65.4003	65.7657	66.1805	66.5559	66.8832	67.2717	67.6193	68.1048	68.403	68.8376	69.2016	69.6533
242	"Fiji"	65.8136	65.6031	65.5001	65.509	65.6926	65.8503	66.1542	66.4173	66.7646	67.0822	67.5489	67.9875	68.4105	68.7695	69.3568	69.8338	70.5093
246	"Finland"	77.2937	77.6556	78.2459	78.8638	79.5296	80.0663	80.5813	81.0306	81.4736	81.9215	82.2944	82.7204	83.1507	83.5366	83.9813	84.3647	84.765
250	"France"	78.5344	79.0525	79.5813	80.0019	80.4151	80.8303	81.2426	81.6307	82.052	82.5116	82.9112	83.2605	83.6735	84.1176	84.5094	84.8593	85.2648
254	"French Guiana"	75.7439	76.2188	76.8127	77.5522	78.2857	79.0107	79.6602	80.2382	80.8009	81.3427	81.8434	82.243	82.7193	83.094	83.5911	84.0288	84.5248
258	"French Polynesia"	73.2792	73.4297	73.6912	74.1836	74.7095	75.2715	75.8762	76.4326	77.0579	77.7377	78.4992	79.1836	79.879	80.4765	81.1449	81.7112	82.2824
266	"Gabon"	62.994	63.5582	64.4175	65.0715	65.6493	66.1905	66.6029	67.2697	67.8633	68.2888	68.6499	68.8611	69.0169	69.2352	69.2708	69.4615	69.619
270	"Gambia"	58.1287	58.1242	58.3259	58.3927	58.5724	58.7421	58.8757	59.1303	59.2797	59.5425	59.8173	59.9738	60.134	60.3694	60.5251	60.7882	61.0621
268	"Georgia"	67.5697	67.6028	67.8666	68.2155	68.6532	69.0726	69.643	70.1719	70.741	71.3139	71.9569	72.5156	73.1728	73.8015	74.4877	75.1801	75.8447
276	"Germany"	77.3989	77.6826	78.1171	78.6149	79.2324	79.8728	80.4189	81.0074	81.4698	82.0152	82.4875	83.0087	83.4259	83.8063	84.2719	84.6977	85.1239
288	"Ghana"	60.0301	60.2071	60.5878	60.8189	61.1019	61.421	61.6406	61.9922	62.2501	62.6195	62.7691	62.989	63.1722	63.4937	63.7122	63.9078	64.1354
300	"Greece"	77.5362	77.8446	78.3828	78.98	79.608	80.2502	80.813	81.2981	81.7094	82.177	82.6159	83.0665	83.4342	83.8359	84.2856	84.6756	85.084
308	"Grenada"	69.6345	69.3562	69.4245	69.5663	69.7097	69.9614	70.2236	70.5697	71.018	71.3833	71.8053	72.3046	72.8401	73.4074	73.9845	74.5548	75.1515
312	"Guadeloupe"	76.7405	77.336	78.1263	78.8245	79.4288	79.946	80.4358	80.9598	81.4594	81.857	82.313	82.7603	83.2428	83.6848	84.1306	84.5821	84.9943
316	"Guam"	75.8689	76.1652	76.6642	77.3197	77.9412	78.5917	79.3218	79.968	80.6645	81.2668	81.8323	82.351	82.9082	83.3528	83.8284	84.2961	84.695
320	"Guatemala"	68.6889	69.0071	69.4857	70.0745	70.6309	71.2486	71.8955	72.6078	73.416	74.1135	74.8764	75.583	76.2802	77.1742	77.8086	78.4925	79.2035
324	"Guinea"	58.0465	59.2972	60.4161	61.2654	61.9811	62.4628	62.9747	63.3872	63.7175	64.2099	64.4916	64.8743	65.1234	65.4185	65.6892	66.0379	66.2541
624	"Guinea-Bissau"	54.0693	54.747	55.5406	56.2428	56.8406	57.4693	58.0693	58.6023	59.1272	59.5036	60.0041	60.3239	60.7389	61.1756	61.3978	61.7583	62.0538
328	"Guyana"	62.6987	62.2839	62.1337	62.0709	62.0818	62.145	62.2768	62.4203	62.5202	62.6379	62.7677	62.9946	63.2101	63.4447	63.6985	63.9389	64.3212
332	"Haiti"	59.4316	59.6246	59.8851	60.1651	60.3879	60.7233	60.9768	61.2976	61.607	61.926	62.2685	62.5194	62.761	63.0631	63.3393	63.6599	63.9366
340	"Honduras"	69.5111	69.4819	69.7335	69.9907	70.3941	70.8137	71.2741	71.7098	72.2349	72.8392	73.35	73.9484	74.5591	75.1531	75.7203	76.4344	77.024
348	"Hungary"	70.8382	70.8301	71.0109	71.2823	71.6541	72.0957	72.6452	73.0912	73.6916	74.2569	74.7866	75.4569	75.9794	76.5217	77.2269	77.8433	78.4257
352	"Iceland"	80.0777	80.2636	80.6976	81.1614	81.687	82.1838	82.7082	83.0986	83.5512	83.9028	84.2588	84.6444	85.0173	85.3543	85.7245	86.0403	86.324
356	"India"	65.459	65.5819	65.7133	66.0131	66.2326	66.4516	66.7366	66.8924	67.1112	67.3948	67.7211	68.0563	68.3841	68.8288	69.2056	69.6631	70.161
360	"Indonesia"	65.4759	65.3588	65.3613	65.4143	65.425	65.609	65.7366	65.9503	66.1344	66.4408	66.6815	66.9268	67.2155	67.5699	67.9059	68.2999	68.7302
364	"Iran (Islamic Republic of)"	73.2655	73.4646	73.7457	74.0921	74.5454	75.0545	75.5581	76.042	76.6403	77.2438	77.8369	78.5388	79.1811	79.8819	80.5289	81.0831	81.6556
368	"Iraq"	65.9877	65.9123	65.9377	66.0565	66.1837	66.3594	66.5224	66.7866	67.0735	67.4552	67.8011	68.2172	68.6177	69.0368	69.493	70.0448	70.4891
372	"Ireland"	78.2126	78.5146	78.947	79.5129	80.1189	80.7596	81.3128	81.8521	82.4306	82.8796	83.3686	83.8004	84.2552	84.6507	85.1025	85.5156	85.944
376	"Israel"	79.4802	79.7667	80.2332	80.8412	81.4274	82.0311	82.6055	83.0401	83.4974	83.8972	84.386	84.8292	85.2387	85.7095	86.0809	86.5535	86.9584
380	"Italy"	79.5936	80.0356	80.6303	81.1629	81.6014	82.0758	82.463	82.8567	83.2862	83.7037	84.1501	84.5221	84.9535	85.3518	85.744	86.1294	86.5331
388	"Jamaica"	72.0736	71.9502	72.0316	72.2069	72.5184	72.7618	73.2299	73.7158	74.1384	74.6268	75.1492	75.687	76.2512	76.8437	77.3988	77.9413	78.512
392	"Japan"	79.7762	80.0946	80.4835	80.8876	81.2578	81.7001	82.081	82.4882	82.9042	83.3436	83.7184	84.1159	84.5064	84.9522	85.3434	85.7435	86.1631
400	"Jordan"	71.0645	70.8486	70.8319	70.9421	71.0848	71.4029	71.716	71.9759	72.3964	72.827	73.2691	73.7407	74.246	74.7441	75.3395	75.8308	76.316
398	"Kazakhstan"	63.4204	63.4671	63.7053	64.001	64.4034	64.8492	65.3684	65.8936	66.5005	67.1134	67.7775	68.4407	69.1084	69.8047	70.5285	71.3358	72.0482
404	"Kenya"	62.7504	62.851	63.4881	64.2654	64.7461	65.1311	65.6117	65.9001	66.2296	66.4661	66.5805	66.7555	66.7451	66.9207	67.0705	67.2202	67.4872
296	"Kiribati"	61.4003	61.405	61.4442	61.6151	61.7652	61.9749	62.2599	62.4435	62.7761	63.038	63.3037	63.6172	63.9823	64.2706	64.512	64.9215	65.2019
414	"Kuwait"	72.1432	71.7691	71.606	71.5629	71.6428	71.7597	71.9423	72.2244	72.3903	72.7274	73.0792	73.3716	73.7215	74.0807	74.5138	74.8508	75.3397
417	"Kyrgyzstan"	65.3169	65.2378	65.2244	65.4351	65.7018	66.0306	66.4367	66.8566	67.3484	67.78	68.2934	68.8723	69.4179	70.0641	70.6952	71.341	71.9858
418	"Lao People's Democratic Republic"	63.5544	64.0912	64.5062	65.0205	65.3784	65.8088	66.1634	66.5524	66.8276	67.16	67.4858	67.7664	68.1351	68.5078	68.9391	69.313	69.7632
428	"Latvia"	68.096	68.2049	68.4906	68.9249	69.3872	69.9366	70.5604	71.1004	71.7407	72.3941	73.0987	73.6905	74.3589	74.9465	75.6403	76.2992	76.9064
422	"Lebanon"	76.6117	76.8109	77.1854	77.6452	78.2439	78.8687	79.4864	80.1785	80.7765	81.3505	81.9865	82.582	83.1434	83.6568	84.0672	84.567	85.049
426	"Lesotho"	50.2268	51.3465	52.7986	54.5528	56.1701	57.7815	59.2495	60.3827	61.3099	62.1695	63.0636	63.8544	64.3684	64.9768	65.4387	65.8668	66.3191
430	"Liberia"	60.0414	61.0394	61.9449	62.7337	63.3436	63.9373	64.3816	64.829	65.26	65.6103	65.9194	66.2248	66.5637	66.8872	67.1977	67.5843	67.9284
434	"Libya"	67.7232	67.5267	67.5306	67.6312	67.8409	68.005	68.2802	68.684	68.9528	69.3977	69.8055	70.3507	70.758	71.2764	71.8012	72.2892	72.808
440	"Lithuania"	67.7368	67.8623	68.2082	68.6685	69.1739	69.761	70.2912	70.9189	71.563	72.1958	72.8589	73.5081	74.1478	74.6829	75.362	75.8577	76.515
442	"Luxembourg"	78.3367	78.6503	79.1362	79.7791	80.3229	80.883	81.4608	81.9619	82.4308	82.8757	83.27	83.7048	84.1553	84.5275	84.9104	85.3263	85.7365
450	"Madagascar"	62.8274	63.3621	63.9371	64.3701	64.8653	65.2067	65.6245	65.9595	66.3508	66.7296	66.9634	67.4227	67.7553	68.1198	68.5244	68.9124	69.3498
454	"Malawi"	58.791	59.4356	60.7696	61.8553	62.6522	63.3006	63.8408	64.423	64.9678	65.4059	65.7033	65.8434	66.0115	66.2153	66.2744	66.3504	66.564
458	"Malaysia"	71.6552	71.5649	71.7767	71.8958	72.2682	72.6839	73.126	73.5308	73.9704	74.519	75.1375	75.7183	76.2656	76.8345	77.4282	78.142	78.7406
462	"Maldives"	75.0841	75.5384	76.0629	76.5392	77.0884	77.5958	78.1755	78.7844	79.3789	79.964	80.4801	81.0709	81.5944	82.1355	82.6419	83.0512	83.4504
466	"Mali"	55.5959	56.3379	57.0722	57.7913	58.308	58.7602	59.2527	59.7133	60.1235	60.407	60.8122	61.1206	61.3178	61.5978	61.8954	62.1474	62.3612
470	"Malta"	77.9207	78.0471	78.3814	78.8522	79.3862	79.9512	80.5655	81.117	81.7168	82.2554	82.7785	83.2581	83.6997	84.1664	84.6169	84.9351	85.369
474	"Martinique"	77.6851	78.3014	79.0344	79.621	80.107	80.6574	81.1274	81.5935	82.0391	82.5099	82.9669	83.4175	83.8432	84.2934	84.6917	85.1259	85.507
478	"Mauritania"	59.9306	59.6257	59.5502	59.5226	59.566	59.7036	59.7674	59.9393	60.0502	60.2809	60.4512	60.568	60.7087	60.8658	61.0316	61.2791	61.4202
480	"Mauritius"	69.7405	69.6779	69.84	70.1618	70.6496	71.0929	71.648	72.1506	72.7132	73.3461	74.0338	74.7053	75.352	76.0057	76.7024	77.364	77.8902
175	"Mayotte"	75.762	76.274	76.9435	77.7266	78.4556	79.2112	79.7652	80.3429	80.8898	81.3367	81.7865	82.279	82.7599	83.169	83.5928	84.0041	84.4557
484	"Mexico"	73.3351	73.5237	73.8652	74.2785	74.873	75.387	75.9603	76.6475	77.3961	78.0259	78.6874	79.3142	79.9689	80.6136	81.1213	81.6804	82.2248
583	"Micronesia (Fed. States of)"	66.3135	65.9286	65.7543	65.6403	65.5173	65.4933	65.5248	65.5087	65.5597	65.5799	65.7161	65.8072	65.9235	66.0182	66.2353	66.4047	66.6379
496	"Mongolia"	63.5987	63.627	63.7965	64.05	64.3356	64.7218	65.071	65.3947	65.8911	66.4268	67.0041	67.5746	68.2168	68.7737	69.4292	70.0834	70.7425
499	"Montenegro"	73.2545	73.3723	73.6277	73.9852	74.4775	74.968	75.5974	76.1935	76.7857	77.4142	77.9741	78.5955	79.1914	79.7212	80.3219	80.8862	81.3628
504	"Morocco"	73.0671	73.2667	73.7121	74.1755	74.7314	75.2697	75.8336	76.4753	77.0332	77.7072	78.285	78.9961	79.6245	80.2518	80.8483	81.4942	82.0697
508	"Mozambique"	54.7113	55.287	55.8454	56.5872	57.3868	58.1797	59.0036	59.9296	60.7829	61.5488	62.1699	62.7901	63.3562	63.7086	63.9329	64.1493	64.3178
104	"Myanmar"	62.5325	62.3082	62.2766	62.2724	62.3253	62.3649	62.5704	62.809	62.9404	63.1967	63.3107	63.5557	63.7744	64.1074	64.3512	64.6211	64.9692
516	"Namibia"	59.8542	60.4142	61.362	62.399	63.3519	64.3257	65.2302	66.0165	66.7261	67.2799	67.6896	68.1446	68.5033	68.8803	69.2397	69.5147	69.7835
524	"Nepal"	67.1107	67.5086	67.9798	68.4322	68.7223	69.1687	69.59	69.9428	70.33	70.8354	71.2835	71.8243	72.3133	72.9056	73.4126	73.9868	74.6183
528	"Netherlands"	78.7928	78.9805	79.4124	79.9109	80.4438	80.9649	81.4383	82.0002	82.5057	82.9401	83.3611	83.698	84.0819	84.4347	84.7272	85.1186	85.4864
540	"New Caledonia"	72.9903	73.2396	73.6308	74.116	74.7023	75.2741	75.9398	76.6035	77.2966	77.9661	78.6241	79.2786	79.8669	80.4546	81.0563	81.6315	82.1188
554	"New Zealand"	78.9205	79.1037	79.4791	79.9512	80.529	81.0883	81.6323	82.2217	82.7519	83.1751	83.6684	84.138	84.519	84.9534	85.4402	85.8469	86.3048
558	"Nicaragua"	70.9545	71.3828	71.9722	72.6229	73.2957	73.9365	74.6657	75.5286	76.2672	77.0434	77.8163	78.5254	79.1902	79.9226	80.5367	81.1503	81.7201
562	"Niger"	57.4446	58.1941	59.0035	59.737	60.4354	60.9916	61.426	61.9036	62.2325	62.5614	62.8354	63.1847	63.4339	63.7348	64.0264	64.3161	64.5859
566	"Nigeria"	51.0142	51.972	53.0262	54.0279	54.996	55.933	56.6605	57.3107	57.9225	58.4283	58.9848	59.4596	59.8564	60.1533	60.5285	61.0144	61.3064
578	"Norway"	79.0329	79.256	79.6611	80.2192	80.7508	81.2768	81.8409	82.3018	82.7594	83.1448	83.5394	83.9675	84.3277	84.7363	85.0909	85.4633	85.7076
512	"Oman"	74.004	74.3334	74.8168	75.3866	75.9808	76.7571	77.388	78.139	78.8237	79.544	80.2295	80.9329	81.5727	82.1958	82.7256	83.2236	83.7015
586	"Pakistan"	63.7488	63.5473	63.4715	63.5782	63.6837	63.8436	64.023	64.2436	64.4342	64.6069	64.928	65.0716	65.3585	65.6427	66.041	66.3422	66.5877
591	"Panama"	73.7742	73.9855	74.4481	75.0301	75.6237	76.3073	77.0105	77.7559	78.4754	79.1668	79.7765	80.3577	80.9171	81.3983	81.8432	82.2993	82.7439
598	"Papua New Guinea"	61.4958	61.3149	61.3002	61.3498	61.4775	61.5554	61.6668	61.8202	62.0211	62.1887	62.419	62.67	62.8416	63.0669	63.3173	63.5038	63.7235
600	"Paraguay"	69.3616	68.9014	68.6565	68.6105	68.721	68.777	68.9364	69.1442	69.3822	69.65	70.0099	70.3347	70.7507	71.1713	71.6206	72.1877	72.6539
604	"Peru"	70.9481	71.24	71.7045	72.1986	72.7678	73.3747	73.952	74.6201	75.3194	76.0263	76.7562	77.3806	78.186	78.8215	79.5007	80.1627	80.7698
608	"Philippines"	64.1884	63.9569	63.838	63.9631	64.0305	64.2559	64.4338	64.6404	64.8891	65.2486	65.5596	65.9461	66.3188	66.7384	67.1181	67.526	67.9927
616	"Poland"	72.3055	72.5614	72.9595	73.4936	74.0689	74.7069	75.3717	76.0879	76.7749	77.4244	78.0677	78.6651	79.2214	79.7749	80.3101	80.7661	81.181
620	"Portugal"	77.0149	77.4753	78.1432	78.8959	79.5893	80.2175	80.6937	81.2083	81.6587	82.128	82.5936	82.9899	83.4441	83.9144	84.3908	84.8329	85.2657
630	"Puerto Rico"	74.8481	75.3527	75.9263	76.6272	77.307	78.0264	78.6405	79.1538	79.6258	80.0746	80.507	80.9343	81.3264	81.6944	82.1431	82.5682	83.0022
634	"Qatar"	75.9428	75.977	76.1352	76.4374	76.77	77.2041	77.6064	78.0785	78.5935	79.1572	79.677	80.1587	80.6934	81.1766	81.6123	82.1521	82.5465
410	"Republic of Korea"	77.8495	78.6274	79.3171	79.9421	80.4501	81.0181	81.5141	82.0257	82.5204	83.0242	83.4973	83.9599	84.4406	84.9114	85.3511	85.8056	86.2528
498	"Republic of Moldova"	65.7019	65.5461	65.5602	65.7599	66.0015	66.2776	66.7177	67.1745	67.6169	68.1548	68.599	69.2335	69.7891	70.3763	71.0274	71.7117	72.3464
638	"R~A(c)union"	75.7998	76.2759	76.937	77.7593	78.505	79.1589	79.762	80.3303	80.8613	81.3266	81.815	82.2662	82.7273	83.1934	83.5696	84.0475	84.4516
642	"Romania"	70.4569	70.4296	70.6522	70.9984	71.4295	71.9178	72.4351	72.9674	73.4921	74.0867	74.7033	75.3924	76.0055	76.65	77.2727	77.8956	78.5397
643	"Russian Federation"	63.8516	63.8895	64.1664	64.5507	65.0252	65.5668	66.1042	66.6655	67.265	67.7912	68.3766	68.9727	69.5682	70.1983	70.8863	71.4903	72.0962
646	"Rwanda"	63.1747	63.0886	63.3367	63.641	63.8941	64.0062	64.1744	64.4526	64.7685	65.0728	65.4006	65.7515	66.1018	66.5513	67.0249	67.6886	68.2884
662	"Saint Lucia"	71.4148	71.5221	71.7861	72.2801	72.789	73.2757	73.8165	74.3558	74.981	75.6956	76.3893	77.063	77.6945	78.3917	78.9835	79.5858	80.1883
670	"Saint Vincent and the Grenadines"	69.4121	69.0681	68.9819	68.9554	69.0322	69.1395	69.3623	69.5233	69.8596	70.1135	70.3854	70.8472	71.2001	71.5947	72.0493	72.4288	72.8719
882	"Samoa"	70.572	70.8785	71.4172	71.9047	72.5721	73.2727	73.9982	74.7585	75.5415	76.3665	77.0917	77.8051	78.5664	79.2409	79.8743	80.4625	80.9623
678	"Sao Tome and Principe"	62.7916	62.464	62.3398	62.3161	62.3838	62.419	62.4557	62.5525	62.6951	62.7964	63.0249	63.1334	63.3435	63.5321	63.7832	63.9864	64.2365
682	"Saudi Arabia"	71.6694	71.5862	71.6251	71.7832	72.0877	72.2988	72.6497	72.971	73.4511	73.9408	74.3204	74.891	75.2963	75.8524	76.3084	76.8406	77.3344
686	"Senegal"	63.4049	63.832	64.1981	64.5448	64.9776	65.3338	65.7515	66.1147	66.4119	66.7761	67.1146	67.5301	67.9052	68.1739	68.6749	69.1418	69.5612
688	"Serbia"	70.9001	70.8148	70.9318	71.1684	71.4485	71.8225	72.1996	72.7014	73.1911	73.6606	74.13	74.747	75.2878	75.9099	76.4734	77.0015	77.6156
690	"Seychelles"	67.9013	68.0275	68.3635	68.6367	69.1844	69.673	70.235	70.7893	71.4709	72.0062	72.7165	73.4121	74.1123	74.723	75.3297	75.9896	76.6327
694	"Sierra Leone"	49.4851	50.4393	51.4979	52.4411	53.332	54.0723	54.6592	55.1752	55.6363	56.0681	56.5556	56.817	57.225	57.568	57.8993	58.1135	58.489
702	"Singapore"	79.7612	80.2599	80.8603	81.4228	81.9233	82.4064	82.8612	83.308	83.7249	84.1839	84.6363	85.0524	85.5113	85.9837	86.4029	86.8484	87.2924
703	"Slovakia"	71.783	71.8827	72.1125	72.4585	72.869	73.342	73.7913	74.296	74.9123	75.4626	76.1236	76.7493	77.2991	77.8454	78.4056	78.9387	79.4906
705	"Slovenia"	76.8165	77.1478	77.6141	78.3044	78.9192	79.572	80.1465	80.6561	81.166	81.6495	82.0847	82.5224	82.9592	83.3893	83.8263	84.2784	84.6479
90	"Solomon Islands"	67.7136	67.9225	68.1878	68.5269	68.874	69.2069	69.5322	69.8829	70.3321	70.7313	71.2164	71.6725	72.2303	72.7149	73.139	73.7556	74.2505
706	"Somalia"	53.0257	53.7373	54.496	55.1774	55.6988	56.1882	56.672	57.2161	57.632	58.1238	58.4558	58.8253	59.243	59.5172	59.929	60.155	60.4493
710	"South Africa"	58.1759	58.4959	58.994	59.7109	60.5965	61.3712	62.1671	63.0207	63.9449	64.7298	65.514	66.162	66.7163	67.1395	67.5391	67.9513	68.3103
728	"South Sudan"	54.1273	55.0956	55.9825	56.7335	57.5099	58.0562	58.5997	59.1587	59.7027	60.0469	60.413	60.8628	61.2374	61.5746	61.8329	62.1952	62.4989
724	"Spain"	79.5465	80.0564	80.4413	80.8203	81.2199	81.6258	82.0297	82.458	82.8776	83.2746	83.6994	84.1264	84.533	84.9241	85.3442	85.7601	86.119
144	"Sri Lanka"	70.5699	70.7637	71.0539	71.4421	71.9497	72.6688	73.3455	73.97	74.6093	75.2546	76.0493	76.7077	77.4483	78.1904	78.8169	79.4184	80.0406
275	"State of Palestine"	70.0226	69.9141	70.0563	70.168	70.425	70.6769	71.0589	71.5008	71.8715	72.2577	72.8004	73.3134	73.8464	74.4064	74.9538	75.5887	76.17
729	"Sudan"	61.1093	61.1236	61.2451	61.4307	61.6081	61.7971	61.9779	62.1801	62.3842	62.6428	62.8631	63.0837	63.3225	63.6571	63.9099	64.1778	64.4045
740	"Suriname"	66.622	66.3369	66.2663	66.2826	66.4142	66.5808	66.7991	67.1113	67.4621	67.8322	68.3085	68.6836	69.169	69.5368	70.0841	70.6226	71.1408
748	"Swaziland"	53.0774	53.6765	54.9517	56.4135	57.8472	59.3012	60.4788	61.6757	62.6811	63.6667	64.4363	65.1995	65.8198	66.3588	66.8686	67.3938	67.7853
752	"Sweden"	79.5529	79.7959	80.253	80.7975	81.3642	81.8391	82.35	82.7503	83.1871	83.6297	84.0443	84.4156	84.7799	85.1802	85.5036	85.8799	86.2732
756	"Switzerland"	80.1005	80.5472	81.0801	81.5858	82.0784	82.4821	82.9237	83.3567	83.7055	84.1542	84.5504	84.9733	85.3919	85.7767	86.1594	86.5426	86.9761
760	"Syrian Arab Republic"	64.0889	70.5468	72.4817	72.7458	73.0258	73.4323	73.6463	73.8758	74.046	74.3299	74.7662	75.2483	75.8844	76.5008	77.1357	77.8033	78.4142
762	"Tajikistan"	66.632	66.4795	66.5607	66.6669	66.8328	67.118	67.4742	67.8356	68.2929	68.7647	69.165	69.6828	70.2681	70.8393	71.3551	72.033	72.6285
807	"TFYR Macedonia"	72.2012	72.087	72.2165	72.455	72.7064	73.1067	73.5348	74.0855	74.5535	74.9861	75.6012	76.0922	76.6481	77.3404	77.9156	78.525	79.1734
764	"Thailand"	70.2071	70.4836	70.9414	71.4817	72.0305	72.7337	73.4054	74.1719	74.8743	75.5846	76.2661	77.005	77.7885	78.4201	78.9971	79.6501	80.1963
626	"Timor-Leste"	65.603	65.9872	66.3274	66.5978	66.9716	67.2476	67.5826	68.0038	68.3515	68.7077	68.9616	69.31	69.8556	70.2344	70.7463	71.2365	71.7875
768	"Togo"	57.4811	57.582	57.8539	58.0733	58.2703	58.4744	58.6783	58.9085	59.0798	59.2914	59.5008	59.7913	59.9993	60.1264	60.3089	60.5357	60.7939
776	"Tonga"	68.4477	68.2885	68.3231	68.5026	68.6926	68.9877	69.3471	69.7731	70.225	70.7223	71.2468	71.7054	72.2336	72.8034	73.3974	73.9864	74.6477
780	"Trinidad and Tobago"	65.6222	65.2822	65.26	65.2443	65.2775	65.4794	65.6235	65.7244	66.0425	66.2746	66.6231	66.9661	67.3021	67.6775	68.0406	68.5533	68.9736
788	"Tunisia"	72.2841	72.4038	72.665	73.0528	73.464	73.8823	74.4168	74.9117	75.3915	75.9698	76.458	77.1106	77.7615	78.3032	78.8667	79.5132	80.0617
792	"Turkey"	71.1438	71.5595	72.1073	72.7624	73.5219	74.2479	75.0296	75.7871	76.6606	77.3619	78.1006	78.7995	79.474	80.1391	80.6668	81.1364	81.6919
795	"Turkmenistan"	62.6547	62.4262	62.3631	62.4208	62.5428	62.6651	62.8218	63.0885	63.2752	63.4722	63.653	63.9575	64.2632	64.5143	64.8547	65.174	65.4706
800	"Uganda"	55.7578	56.1345	56.8803	57.7028	58.5924	59.5468	60.5643	61.5835	62.1481	62.7968	63.3386	63.7595	64.0986	64.2639	64.3462	64.4515	64.5416
804	"Ukraine"	65.285	65.4446	65.7522	66.1301	66.6049	67.1376	67.6036	68.2007	68.8028	69.3882	70.0478	70.669	71.2304	71.9267	72.5627	73.2565	73.9052
784	"United Arab Emirates"	75.0777	75.0517	75.2041	75.4664	75.7884	76.182	76.6312	77.1105	77.535	78.1406	78.6523	79.2135	79.7498	80.292	80.8544	81.4292	81.9319
826	"United Kingdom"	78.4817	78.688	79.0888	79.5485	80.1559	80.7033	81.2242	81.8235	82.346	82.852	83.2237	83.7342	84.1836	84.6357	85.01	85.433	85.7999
834	"United Republic of Tanzania"	62.8978	63.0877	63.3995	63.7093	64.1113	64.4208	64.8846	65.2454	65.6789	66.0164	66.2038	66.3903	66.5524	66.6767	66.7191	66.9403	67.1471
840	"United States of America"	75.7489	75.7855	76.0724	76.4978	76.944	77.4378	78.0193	78.5869	79.1846	79.6876	80.2585	80.7656	81.2917	81.8275	82.185	82.6241	83.063
850	"United States Virgin Islands"	76.0314	76.2659	76.5963	77.1201	77.6797	78.322	78.9677	79.6597	80.2459	80.8417	81.3901	81.9496	82.4657	82.9559	83.4065	83.8046	84.3269
858	"Uruguay"	72.4983	72.6026	72.862	73.3045	73.8189	74.3232	75.0113	75.6178	76.3364	77.0054	77.6757	78.3355	78.8974	79.5076	80.0599	80.5912	81.0876
860	"Uzbekistan"	66.8685	66.5383	66.3894	66.3715	66.4668	66.6151	66.7416	66.9531	67.2893	67.6496	67.9511	68.2974	68.7439	69.1666	69.5446	70.202	70.6045
548	"Vanuatu"	68.504	68.464	68.5886	68.8535	69.0866	69.4081	69.8483	70.1892	70.6704	71.1843	71.7065	72.1988	72.7442	73.3719	74.0329	74.6787	75.3679
862	"Venezuela (Bolivarian Republic of)"	69.1939	69.2965	69.6732	70.049	70.4435	71.1204	71.658	72.3039	72.9229	73.6002	74.2765	75.0083	75.7003	76.3374	77.1212	77.7656	78.3593
704	"Viet Nam"	70.224	70.5779	71.1768	71.9055	72.5896	73.3838	74.1361	74.9366	75.7241	76.4664	77.1491	77.7785	78.3772	78.9465	79.3484	79.8374	80.2689
732	"Western Sahara"	66.2728	66.5359	66.6777	66.9531	67.2337	67.6396	67.9591	68.2703	68.5996	68.9932	69.377	69.8858	70.329	70.7928	71.2664	71.8408	72.3864
887	"Yemen"	61.8421	61.8808	61.9924	62.0971	62.3283	62.5204	62.8339	63.0213	63.2837	63.601	63.8074	64.093	64.4132	64.6884	64.9957	65.3609	65.619
894	"Zambia"	57.0664	57.1396	57.7998	58.5991	59.5515	60.3993	61.169	61.7908	62.4267	62.9679	63.6593	64.1256	64.4706	64.735	64.9506	64.9848	65.1409
716	"Zimbabwe"	57.7677	57.7634	58.7966	59.9271	60.9665	61.9161	62.8665	63.7272	64.5934	65.3537	66.102	66.7207	67.294	67.7233	68.2124	68.6914	69.0238
