"country_code"	"name"	"1950-1955"	"1955-1960"	"1960-1965"	"1965-1970"	"1970-1975"	"1975-1980"	"1980-1985"	"1985-1990"	"1990-1995"	"1995-2000"	"2000-2005"	"2005-2010"	"2010-2015"	"2015-2020"	"2020-2025"	"2025-2030"	"2030-2035"	"2035-2040"	"2040-2045"	"2045-2050"	"2050-2055"	"2055-2060"	"2060-2065"	"2065-2070"	"2070-2075"	"2075-2080"	"2080-2085"	"2085-2090"	"2090-2095"	"2095-2100"
900	"WORLD"	0	0	0	0	0	0	0	0	0	0	0	0	0	0	0	0	0	0	0	0	0	0	0	0	0	0	0	0	0	0
901	"More developed regions"	698.34	192.409	2529.843	3356.689	6885.076	6685.832	5853.938	7329.668	10967.514	13403.91	15655.945	16523.476	11057.23	12063.829	11196.036	11716.194	11721.195	11721.191	11721.182	11720.975	11134.952	10548.927	9962.853	9376.811	8790.773	8204.72	7618.665	7032.616	6446.573	5860.558
902	"Less developed regions"	-698.34	-192.409	-2529.843	-3356.689	-6885.076	-6685.832	-5853.938	-7329.668	-10967.514	-13403.91	-15655.945	-16523.476	-11057.23	-12063.829	-11196.036	-11716.194	-11721.195	-11721.191	-11721.182	-11720.975	-11134.952	-10548.927	-9962.853	-9376.811	-8790.773	-8204.72	-7618.665	-7032.616	-6446.573	-5860.558
941	"Least developed countries"	-527.004	-578.341	-887.15	-910.978	-4714.401	-4014.041	-5916.591	-3673.886	1156.029	-3924.069	-4028.563	-9451.006	-5849.633	-5247.802	-4181.017	-4265.865	-4290.865	-4255.856	-4255.859	-4255.857	-4043.059	-3830.303	-3617.497	-3404.688	-3191.896	-2979.101	-2766.336	-2553.509	-2340.726	-2127.959
934	"Less developed regions, excluding least developed countries"	-171.336	385.932	-1642.693	-2445.711	-2170.675	-2671.791	62.653	-3655.782	-12123.543	-9479.841	-11627.382	-7072.47	-5207.597	-6816.027	-7015.019	-7450.329	-7430.33	-7465.335	-7465.323	-7465.118	-7091.893	-6718.624	-6345.356	-5972.123	-5598.877	-5225.619	-4852.329	-4479.107	-4105.847	-3732.599
948	"Less developed regions, excluding China"	-515.298	-258.091	-1655.344	-3771.595	-5841.591	-6825.244	-5777.852	-7234.352	-10243.722	-13146.073	-13941.946	-14514.712	-9646.026	-10760.776	-9811.973	-10396.01	-10395.657	-10395.621	-10398.686	-10400.527	-9880.33	-9360.328	-8840.264	-8320.235	-7800.192	-7280.191	-6760.214	-6240.219	-5720.207	-5200.325
1503	"High-income countries"	997.015	2525.139	4236.125	4496.305	7781.316	7597.148	6822.774	8893.374	11246.773	14497.525	18224.342	22411.432	15894.197	14620.307	12602.509	13044.115	12871.003	12735.808	12730.638	12730.289	12093.796	11457.288	10820.723	10184.222	9547.685	8911.171	8274.658	7638.116	7001.611	6365.12
1517	"Middle-income countries"	-20.761	-2109.236	-3708.347	-4405.472	-6400.756	-4663.045	-1567.366	-5900.079	-12209.022	-12470.218	-17498.136	-19365.072	-13710.844	-12448.919	-10479.561	-10848.534	-10650.907	-10515.883	-10510.799	-10510.5	-9985.169	-9459.676	-8934.133	-8408.647	-7883.105	-7357.552	-6831.997	-6306.425	-5780.862	-5255.315
1502	"Upper-middle-income countries"	-108.21	-1533.726	-3556.988	-2456.832	-3272.344	-2534.985	-316.171	-2540.102	-6136.552	-3194.303	-4248.577	-2964.667	1900.617	-449.063	-4095.305	-3344.366	-2446.392	-2240.928	-2242.859	-2245.808	-2133.716	-2021.428	-1909.132	-1796.892	-1684.558	-1572.274	-1459.923	-1347.626	-1235.279	-1122.923
1501	"Lower-middle-income countries"	87.449	-575.51	-151.359	-1948.64	-3128.412	-2128.06	-1251.195	-3359.977	-6072.47	-9275.915	-13249.559	-16400.405	-15611.461	-11999.856	-6384.256	-7504.168	-8204.515	-8274.955	-8267.94	-8264.692	-7851.453	-7438.248	-7025.001	-6611.755	-6198.547	-5785.278	-5372.074	-4958.799	-4545.583	-4132.392
1500	"Low-income countries"	-971.459	-419.296	-516.251	-75.494	-1286.637	-2927.67	-5280.878	-3025.13	940.425	-2070.082	-822.573	-3023.473	-2148.595	-2185.623	-2143.976	-2218.983	-2243.983	-2243.976	-2243.985	-2243.981	-2131.777	-2019.593	-1907.393	-1795.176	-1682.976	-1570.785	-1458.594	-1346.382	-1234.191	-1122.005
947	"Sub-Saharan Africa"	-195.057	-180.002	-283.365	-243.286	-968.088	-952.236	-1358.392	-1228.344	-95.268	-816.47	-544.814	-921.346	-1466.614	-1476.373	-1595.259	-1771.32	-1810.154	-1809.273	-1813.627	-1818.128	-1727.23	-1636.341	-1545.448	-1454.503	-1363.606	-1272.684	-1181.813	-1090.867	-999.991	-909.086
903	"AFRICA"	-568.641	-573.053	-942.757	-1113.445	-2289.961	-1807.7	-1720.692	-1737.216	-341.188	-2447.785	-2094.346	-3351.75	-3277.904	-2310.559	-2229.446	-2355.51	-2394.344	-2393.463	-2397.817	-2402.318	-2282.202	-2162.103	-2042.001	-1921.855	-1801.746	-1681.615	-1561.532	-1441.376	-1321.289	-1201.18
910	"Eastern Africa"	-143.361	-175.118	-227.393	-140.922	-572.407	-470.874	-521.16	-160.141	-2078.469	337.906	-515.694	-726.935	-951.877	-830.063	-851.97	-826.972	-851.972	-851.972	-851.972	-851.972	-809.38	-766.783	-724.19	-681.576	-638.976	-596.387	-553.795	-511.184	-468.591	-425.99
108	"Burundi"	-69.947	-70.048	-84.989	-57.9	-260.594	-150.288	-139.147	-150.768	-302.498	-445.502	50.869	102.069	-70	20	10.003	10.003	10.003	10.003	10.003	10.003	9.502	8.999	8.497	8.003	7.501	7.002	6.502	6.003	5.5	5.005
174	"Comoros"	0	-6.116	-8.491	-5.5	-5.5	10	-4.5	-4.5	-3	-6	-10	-10	-10	-10	-10	-10	-10	-10	-10	-10	-9.5	-9	-8.5	-8	-7.5	-7	-6.5	-6	-5.5	-5
262	"Djibouti"	0.999	5	18	25	34.997	91.193	9.999	89.998	-45	9.988	-8.997	-1.499	6.002	4.501	4.501	4.501	4.501	4.501	4.501	4.501	4.274	4.051	3.823	3.598	3.377	3.149	2.925	2.698	2.474	2.251
232	"Eritrea"	0.997	3	6.997	4.999	10	10	10	-40	-400.002	-70	110.001	-159.999	-159.999	-49.999	-34.998	-34.998	-34.998	-34.998	-34.998	-34.998	-33.249	-31.498	-29.75	-28	-26.25	-24.5	-22.751	-21	-19.249	-17.5
231	"Ethiopia"	-19.999	-20	-19.999	-42.182	-59.597	-1999.798	250.001	780.074	1475.274	-155.577	-83.182	-50.132	-60.001	-60.001	-60.001	-60.001	-60.001	-60.001	-60.001	-60.001	-56.998	-54.001	-50.997	-47.998	-44.999	-42.002	-39	-35.998	-33.003	-30
404	"Kenya"	0	0	-20	-19.535	-17.915	-2.93	3.805	5.023	221.569	-21.386	25.144	-189.33	-50	-50	-50	-50	-50	-50	-50	-50	-47.5	-45	-42.5	-40	-37.5	-35	-32.5	-30	-27.5	-25
450	"Madagascar"	0	0	0	-8	-19	-30	-10	-10	-9.5	-8.5	-7.5	-7.5	-7.5	-7.5	-7.5	-7.5	-7.5	-7.5	-7.5	-7.5	-7.125	-6.75	-6.375	-6	-5.625	-5.25	-4.875	-4.5	-4.125	-3.75
454	"Malawi"	-33.348	-42.873	-61.928	-61.928	-52.404	-33.348	-28.605	893.196	-938.9	-36.82	-36.82	-36.82	-30	-60	-60	-30	-30	-30	-30	-30	-28.504	-27	-25.504	-23.999	-22.499	-21.003	-19.501	-18	-16.502	-15.008
480	"Mauritius"	2.662	-8.097	-30.869	-29.156	-20.463	-20.617	-21.632	-35.977	-5.611	-8.858	-19.372	-12.079	-12.079	0	0	0	0	0	0	0	0	0	0	0	0	0	0	0	0	0
175	"Mayotte"	2.619	2.459	2.314	0.454	0.496	-0.987	3.794	6.055	10.734	4.664	0.2	-2	-1.5	0	0	0	0	0	0	0	0	0	0	0	0	0	0	0	0	0
508	"Mozambique"	-23.5	-23.5	-23.5	-23.5	-23.5	87.373	-373.366	-1300	650	-50	30.004	-40	-25	-25	-25	-25	-25	-25	-25	-25	-23.749	-22.502	-21.253	-19.999	-18.749	-17.502	-16.252	-15.002	-13.75	-12.504
638	"Reunion"	2.545	-3.943	-2.436	12.306	-23.731	-18.024	3.09	-1.996	9.589	9.746	-0.89	-12.422	-14.141	-6.28	-3.141	-3.141	-3.141	-3.141	-3.141	-3.141	-2.985	-2.825	-2.669	-2.513	-2.356	-2.196	-2.042	-1.886	-1.729	-1.568
646	"Rwanda"	0	0	-140.001	20	-20	-20	-50.002	29.999	-1347.866	1210.134	-72.601	-79.101	-79.101	-44.999	-44.999	-44.999	-44.999	-44.999	-44.999	-44.999	-42.749	-40.5	-38.251	-35.998	-33.748	-31.498	-29.252	-27	-24.745	-22.499
690	"Seychelles"	-1.882	-2.168	-0.851	-0.998	0.23	-0.2	-3.099	-5.295	0.625	-0.135	2.513	-2.511	-2.201	-1	-1	-1	-1	-1	-1	-1	-0.952	-0.902	-0.848	-0.8	-0.751	-0.7	-0.653	-0.6	-0.55	-0.5
706	"Somalia"	0	-1.328	-1.328	1.91	0	1870.372	-400.89	-399.7	-806.214	-101.684	-183.096	-186.25	-226.869	-199.788	-149.837	-149.837	-149.837	-149.837	-149.837	-149.837	-142.345	-134.857	-127.363	-119.868	-112.376	-104.888	-97.395	-89.902	-82.411	-74.918
728	"South Sudan"	0	0	0	0	25	60	150	-405	-1076	400	432	785	425	150	50	0	-25	-25	-25	-25	-23.75	-22.5	-21.25	-20	-18.75	-17.5	-16.25	-15	-13.75	-12.5
800	"Uganda"	0	0	125.2	53.33	-240.53	-166.66	-115.34	233.366	119.995	-45.737	-5	-135	-150	-150	-150	-150	-150	-150	-150	-150	-142.5	-135	-127.5	-120	-112.5	-105	-97.5	-90	-82.5	-75
834	"United Republic of Tanzania"	0	0	26.997	36.024	118.989	-22.25	37.181	68.208	591.285	-205.874	-295.952	-265.317	-199.999	-199.999	-199.999	-199.999	-199.999	-199.999	-199.999	-199.999	-190	-180	-170.001	-160	-150	-139.999	-130.003	-120	-110	-99.998
894	"Zambia"	0	0	2.5	-4.245	26.662	17.573	58.483	2.822	-22.952	79.445	-93.014	-124.044	-34.49	-40	-40	-25	-25	-25	-25	-25	-23.75	-22.5	-21.25	-20	-18.75	-17.5	-16.25	-15	-13.75	-12.5
716	"Zimbabwe"	-4.507	-7.504	-15.009	-42.001	-45.547	-152.283	99.068	84.354	-199.997	-219.998	-350.001	-300	-249.999	-99.998	-79.999	-50.001	-50.001	-50.001	-50.001	-50.001	-47.5	-44.998	-42.499	-40.002	-37.501	-35	-32.498	-29.997	-27.501	-25.001
911	"Middle Africa"	-6.14	-2.979	-2.163	7.895	-187.696	-92.986	-254.193	-119.549	1478.775	-1001.318	196.452	176.234	-119.904	15.3	1.252	-98.502	-113.503	-113.503	-118.505	-123.501	-117.325	-111.153	-104.976	-98.797	-92.625	-86.445	-80.276	-74.097	-67.927	-61.747
24	"Angola"	0	-75	-135	-226.155	-80.955	11.455	234.148	-151.982	142.811	-126.955	172.594	85.286	87.322	0	0	-5	-5	-5	-5	-5	-4.75	-4.5	-4.25	-4	-3.75	-3.5	-3.25	-3	-2.75	-2.5
120	"Cameroon"	0	0	0	-1	-2.5	0	-16.5	-19.5	-48	-48	-54	-54	-36	-24	-24	-24	-24	-24	-24	-24	-22.8	-21.6	-20.4	-19.2	-18	-16.8	-15.6	-14.4	-13.2	-12
140	"Central African Republic"	0	0	11.93	13.145	-20.075	4	40.165	-45	50	25	-24.405	-125.614	-396.129	-150	-25	-25	-25	-25	-25	-25	-23.75	-22.5	-21.25	-20	-18.75	-17.5	-16.25	-15	-13.75	-12.5
148	"Chad"	0	-2.5	-5	-40.95	-49.05	-175.5	-131.245	1.418	-10.374	69.444	218.966	75	100	10	0	-10	-10	-10	-10	-10	-9.5	-9	-8.5	-8	-7.5	-7	-6.5	-6	-5.5	-5
178	"Congo"	0	0	0	0.5	6.944	-7.407	2.098	2	22.53	49.302	49.674	95.864	-60.001	-20.003	-9.998	-5.003	-5.003	-5.003	-5.003	-5.003	-4.756	-4.503	-4.255	-4.003	-3.754	-3.504	-3.258	-3.002	-2.755	-2.509
180	"Democratic Republic of the Congo"	0	75	122.65	241.91	27.45	100.685	-446.86	74.515	1302.404	-1006.384	-241.564	-43.426	15.06	119.303	0	-75	-75	-75	-75	-75	-71.25	-67.5	-63.75	-60	-56.25	-52.5	-48.75	-45	-41.25	-37.5
226	"Equatorial Guinea"	0	0	2.999	5.001	-70	-29.997	65.001	20	20.004	35.002	50.003	80.003	90.001	79.999	60.003	45.002	30.001	30.001	24.999	20.003	19.002	18.002	17.003	16.001	15.004	14.005	13.003	12.002	11.003	10.004
266	"Gabon"	2.999	2.999	9.41	16.188	2.999	4.999	4.999	4.999	4.999	9.566	30.783	68.72	85.442	5	5	5	5	5	5	5	4.753	4.499	4.249	4.003	3.752	3.503	3.254	3.001	2.749	2.509
678	"Sao Tome and Principe"	-9.139	-3.478	-9.152	-0.744	-2.509	-1.221	-5.999	-5.999	-5.599	-8.293	-5.599	-5.599	-5.599	-4.999	-4.753	-4.501	-4.501	-4.501	-4.501	-4.501	-4.274	-4.051	-3.823	-3.598	-3.377	-3.149	-2.925	-2.698	-2.474	-2.251
912	"Northern Africa"	-373.584	-393.051	-659.392	-870.159	-1321.873	-855.464	-362.3	-508.872	-245.92	-1631.315	-1549.532	-2430.404	-1811.29	-834.186	-634.187	-584.19	-584.19	-584.19	-584.19	-584.19	-554.972	-525.762	-496.553	-467.352	-438.14	-408.931	-379.719	-350.509	-321.298	-292.094
12	"Algeria"	-310.417	-191.853	-284.266	-121.335	-247.822	-224.833	-81.02	-93.302	-128.679	-164.413	-205.228	-357.34	-143.268	-50.002	-50.002	-50.002	-50.002	-50.002	-50.002	-50.002	-47.499	-44.999	-42.496	-40.001	-37.501	-34.999	-32.499	-29.999	-27.498	-25.001
818	"Egypt"	-50.1	-50.1	-50.1	-239.7	-546.796	-563.569	-389.781	-212.184	-460.404	-210.899	-74.464	-283.573	-275.026	-275	-275	-225.003	-225.003	-225.003	-225.003	-225.003	-213.751	-202.501	-191.253	-180.003	-168.752	-157.501	-146.252	-135	-123.748	-112.498
434	"Libya"	0	46.022	45.891	48.002	58.665	57.534	113.38	5.49	3.965	-57.368	-20.569	-118.555	-433.403	-9.997	-9.997	-9.997	-9.997	-9.997	-9.997	-9.997	-9.501	-8.998	-8.5	-8.002	-7.498	-7.002	-6.502	-6	-5.499	-5
504	"Morocco"	0	-13.001	-240.922	-477.753	-497.677	-293.328	-320.659	-418.575	-466.627	-559.38	-654.821	-565.14	-307.108	-257.096	-257.096	-257.096	-257.096	-257.096	-257.096	-257.096	-244.242	-231.386	-218.53	-205.677	-192.823	-179.966	-167.11	-154.257	-141.403	-128.55
729	"Sudan"	0	0	0	0	20.002	180	219.998	150	653.484	-633.001	-546.005	-1078.146	-589.384	-250.001	-50.002	-50.002	-50.002	-50.002	-50.002	-50.002	-47.499	-44.999	-42.496	-40.001	-37.501	-34.999	-32.499	-29.999	-27.498	-25.001
788	"Tunisia"	-18.667	-192.419	-142.495	-96.523	-97.065	-72.068	85.582	48.999	140.341	-36.804	-139.045	-32.941	-65.963	-20	-20	-20	-20	-20	-20	-20	-18.998	-17.999	-17.001	-15.998	-15.001	-13.999	-13	-12.001	-10.999	-9.999
732	"Western Sahara"	5.6	8.3	12.5	17.15	-11.18	60.8	10.2	10.7	12	30.55	90.6	5.291	2.862	27.91	27.91	27.91	27.91	27.91	27.91	27.91	26.518	25.12	23.723	22.33	20.936	19.535	18.143	16.747	15.347	13.955
913	"Southern Africa"	-20.295	-33.059	56.642	159.753	194.181	27.566	112.204	-93.989	696.268	287.116	481.201	550.23	789.129	282.767	182.767	85.003	85.003	85.003	85.003	85.003	80.751	76.5	72.244	67.999	63.743	59.505	55.249	51.002	46.749	42.508
72	"Botswana"	-5	-20	-15	-6.02	2.326	14.845	0.601	5.803	17.864	24.546	21.278	18.73	15	15	15	15	15	15	15	15	14.25	13.5	12.75	12	11.25	10.5	9.75	9	8.25	7.5
426	"Lesotho"	-20	-26	-25	-22.4	-24.048	-6.538	-25.76	-62.682	-46.345	-74.427	-40	-40	-25	-19.998	-19.998	-19.998	-19.998	-19.998	-19.998	-19.998	-19	-18.002	-17.003	-16.001	-15.003	-13.998	-13.003	-11.998	-11.001	-9.997
516	"Namibia"	0	0	0	-0.87	-2.825	-44.585	-29.139	74.791	23.492	35.497	-50	-50	-1.371	-2.236	-2.236	0	0	0	0	0	0	0	0	0	0	0	0	0	0	0
710	"South Africa"	7.46	14.92	106.55	198.515	226.6	73.316	180.998	-129.05	739.5	313.5	596	627.5	806.5	300	200	100	100	100	100	100	95.001	90.003	84.998	80.001	75.001	70.002	65.002	60	55.001	50.006
748	"Swaziland"	-2.755	-1.979	-9.908	-9.472	-7.872	-9.472	-14.496	17.149	-38.243	-12	-46.077	-6	-6	-9.999	-9.999	-9.999	-9.999	-9.999	-9.999	-9.999	-9.5	-9.001	-8.501	-8.001	-7.505	-6.999	-6.5	-6	-5.501	-5.001
914	"Western Africa"	-25.261	31.154	-110.451	-270.012	-402.166	-415.942	-695.243	-854.665	-191.842	-440.174	-706.773	-920.875	-1183.962	-944.377	-927.308	-930.849	-929.682	-928.801	-928.153	-927.658	-881.276	-834.905	-788.526	-742.129	-695.748	-649.357	-602.991	-556.588	-510.222	-463.857
204	"Benin"	-23.001	-23.001	-24.295	-23.742	-24.845	-19.393	-10.848	-8.723	68.259	-2.851	25.005	-48.776	-42.268	-10	-10	-10	-10	-10	-10	-9.999	-9.501	-8.998	-8.498	-7.998	-7.498	-7	-6.5	-6	-5.498	-4.997
854	"Burkina Faso"	-102.159	-102.159	-144.723	-144.723	-170.263	-217.4	-217.4	-183.699	-150.001	-137.499	-125	-125	-125	-125	-125	-125	-125	-125	-125	-125	-118.748	-112.5	-106.253	-100.002	-93.748	-87.499	-81.249	-74.997	-68.753	-62.501
132	"Cabo Verde"	-5.926	-22.773	-1.167	4.267	-34.907	-27.982	-20.313	-27.757	-6.376	-5.438	-9.859	-17.623	-11.052	-7.392	-6.218	-4.662	-3.498	-2.624	-1.967	-1.476	-1.403	-1.329	-1.258	-1.18	-1.103	-1.032	-0.962	-0.885	-0.813	-0.742
384	"Cote d'Ivoire"	69.38	99.919	200	200	400	420	430	325	375	180	-370	-220	60	30	30	30	30	30	30	30	28.5	27	25.5	24	22.5	21	19.5	18	16.5	15
270	"Gambia"	16.913	36.375	-3.232	0.118	9.392	-3.38	19.475	48.392	-14.801	-26.418	-13.742	-13.742	-13.476	-13	-13	-13	-13	-13	-13	-13	-12.349	-11.701	-11.049	-10.4	-9.749	-9.101	-8.449	-7.8	-7.149	-6.501
288	"Ghana"	72.001	142.002	0	-361.999	-164.002	-563.999	206.001	-30.003	-16.285	-112.636	165.518	189.259	-49.999	-100	-100	-100	-100	-100	-100	-100	-95.001	-90.004	-85.002	-80	-74.999	-69.999	-64.999	-59.999	-55.002	-50.007
324	"Guinea"	-0.007	-9.929	-13.857	-13.857	-275	-353	-38	162.45	800	-246.148	-368.004	-300	-250	-50	-20	-20	-20	-20	-20	-20	-19	-18	-17	-16	-15	-14	-13	-12	-11	-10
624	"Guinea-Bissau"	-10.001	-9.982	-20.001	-7.23	-14.999	-79.367	-30.001	-28.004	-29.999	-58.803	-39.899	-25.002	-10.003	-9.995	-9.998	-9.995	-9.992	-9.991	-9.998	-9.993	-9.493	-8.997	-8.492	-7.994	-7.497	-6.997	-6.498	-5.994	-5.498	-5.002
430	"Liberia"	-0.013	7.983	7.996	7.996	10.996	11.949	0	-400	-300	450	-50	175.585	-20	-25	-25	-25	-25	-25	-25	-25	-23.75	-22.5	-21.25	-20	-18.75	-17.5	-16.25	-15	-13.75	-12.5
466	"Mali"	-35.031	-49.07	-70.243	-98.235	-95.585	-174.998	-218.064	-480.652	-173.489	-141.95	-67.11	-100.823	-302.449	-200	-200	-200	-200	-200	-200	-200	-190	-180	-169.998	-159.997	-150	-139.997	-130.001	-119.998	-110.002	-100
478	"Mauritania"	-1.3	-1.6	-1.82	-2.76	-5.95	-9.7	-16.1	-30.3	-29.997	13	7.004	10.005	40	25.502	20.397	15.305	15.305	15.305	15.305	15.305	14.536	13.772	13	12.243	11.474	10.709	9.941	9.183	8.416	7.646
562	"Niger"	5.001	-25.124	-11.545	-11.545	-13.763	-18.138	-92.946	-91.917	-2.679	24.056	-28.497	-28.497	-28.497	-28.497	-28.497	-28.497	-28.497	-28.497	-28.497	-28.497	-27.07	-25.65	-24.224	-22.799	-21.374	-19.946	-18.525	-17.097	-15.674	-14.248
566	"Nigeria"	3.368	2.706	1.021	-43.347	-38.526	854.649	-671.64	-91.407	-95.769	-95.027	-170	-300	-300	-300	-300	-300	-300	-300	-300	-300	-285.001	-270	-255.001	-240	-225.001	-210	-195.001	-180	-165.001	-150
686	"Senegal"	33.033	44.046	50.002	86.522	65.586	-134.783	-85.108	-60.291	-70.008	-209.864	-151.131	-166.051	-99.996	-99.996	-99.996	-99.996	-99.996	-99.996	-99.996	-99.996	-94.998	-89.998	-84.999	-80.003	-75.003	-69.995	-64.998	-59.998	-54.999	-50.001
694	"Sierra Leone"	0	0	0	0	0	0	0	62.745	-450	-150	500	60	-21	-21	-30	-30	-30	-30	-30	-30	-28.5	-27	-25.5	-24	-22.5	-21	-19.5	-18	-16.5	-15
768	"Togo"	-46.919	-57.336	-77.885	138.923	-49.999	-100	50.001	-20	-95	80	-9.999	-9.999	-9.994	-9.999	-9.996	-10.004	-10.004	-9.998	-10	-10.002	-9.498	-9	-8.502	-7.999	-7.5	-7	-6.5	-6.003	-5.499	-5.004
935	"ASIA"	96.498	1382.543	-248.794	597.809	-1491.451	-1336.585	-537.06	-2019.027	-7178.794	-6079.494	-7650.325	-10274.983	-5484.529	-7763.258	-7193.75	-7819.238	-7782.526	-7817.56	-7819.486	-7817.445	-7426.757	-7035.899	-6645.043	-6254.161	-5863.319	-5472.429	-5081.492	-4690.582	-4299.699	-3908.728
906	"Eastern Asia"	-751.455	384.972	-986.016	1185.482	-525.794	179.274	66.951	-223.032	-694.434	-265.226	-1500.7	-1927.401	-925.451	-878.21	-959.22	-895.341	-900.695	-900.727	-897.653	-895.605	-851.023	-806.24	-761.469	-716.702	-671.946	-627.138	-582.3	-537.486	-492.702	-447.787
156	"China"	-220.848	-59.536	-1131.18	-160.289	-1081.485	-47.19	-200.84	-420.046	-764.123	-383.389	-2030.083	-2390.895	-1698.448	-1624.595	-1619.629	-1595.184	-1600.538	-1600.57	-1597.496	-1595.448	-1515.876	-1436.108	-1356.339	-1276.578	-1196.834	-1117.031	-1037.204	-957.4	-877.619	-797.737
344	"China, Hong Kong SAR"	165.179	162.996	-27.385	71.59	73.97	406.637	160.605	221.262	156.486	375.683	64.797	89.747	74.892	146.542	90.564	150	150	150	150	150	142.5	135	127.498	119.998	112.496	105	97.5	90.002	82.498	75
446	"China, Macao SAR"	-32.375	-43.779	19.062	33.602	-10.972	-10.034	25.146	33.466	21.845	27.867	46.284	42.381	42.35	25	25	25	25	25	25	25	23.754	22.506	21.252	20	18.754	17.5	16.254	15	13.752	12.5
158	"China, Taiwan Province of China"	-94.998	6.001	265.004	470.003	-24.998	-210.001	-60.997	70.002	-138	-277.998	205.003	250.003	170.002	150	120.002	100	100	100	100	100	95	90.003	85	80.004	75.003	70.002	64.999	60.001	55.003	50.004
408	"Dem. People's Republic of Korea"	-568.413	0	0	0	0	0	0	0	0	-13.932	-17.19	-24.681	-27.013	-10.156	-10.156	-10.156	-10.156	-10.156	-10.156	-10.156	-9.651	-9.141	-8.634	-8.126	-7.618	-7.11	-6.601	-6.093	-5.587	-5.078
392	"Japan"	0	-99.999	-151.351	819.22	727.596	205.006	50.002	-298.339	46.286	-100.333	164.199	277.58	358.133	250	250	250	250	250	250	250	237.5	225	212.5	200	187.5	175	162.5	150	137.5	125.012
496	"Mongolia"	0	0	0	0	0	0	0	0	-88.432	-52.463	-15.001	-15.001	-15.001	-15.001	-15.001	-15.001	-15.001	-15.001	-15.001	-15.001	-14.25	-13.5	-12.746	-12	-11.247	-10.499	-9.748	-8.996	-8.249	-7.5
410	"Republic of Korea"	0	419.289	39.834	-48.644	-209.905	-165.144	93.035	170.623	71.504	159.339	81.291	-156.535	169.634	200	200	200	200	200	200	200	190	180	170	160	150	140	130	120	110	100.012
921	"South-Central Asia"	576.161	776.531	541.51	38.138	-1109.751	-568.434	-1346.989	-1766.221	-4648.428	-4847.533	-5088.607	-11104.953	-7258.4	-7506.33	-5811.068	-5742.383	-5742.69	-5742.692	-5742.69	-5742.696	-5455.551	-5168.42	-4881.283	-4594.146	-4307.01	-4019.879	-3732.75	-3445.62	-3158.469	-2871.355
5500	"Central Asia"	818.391	1118.069	1003.457	775.841	-56.36	-407.92	-743.125	-1237.13	-2256.4	-1954.355	-579.052	-387.892	-194.565	-269.315	-269.315	-269.315	-269.315	-269.315	-269.315	-269.315	-255.851	-242.383	-228.916	-215.446	-201.985	-188.521	-175.055	-161.587	-148.121	-134.659
398	"Kazakhstan"	565.765	979.937	691.681	173.343	-128.101	-412.067	-429.797	-656.091	-1411.744	-1324.984	44.53	-35.196	159.807	0	0	0	0	0	0	0	0	0	0	0	0	0	0	0	0	0
417	"Kyrgyzstan"	17.524	28.204	103.107	104.185	-12.065	-45.839	-54.162	-126.883	-276.249	-27.268	-172.911	-76.604	-137.902	-100.001	-100.001	-100.001	-100.001	-100.001	-100.001	-100.001	-95.002	-89.998	-84.999	-79.999	-75	-70.001	-65.001	-60.002	-54.998	-49.999
762	"Tajikistan"	35.767	-19.113	20.827	25.884	-12.207	-17.023	-38.201	-68.033	-289.263	-294.793	-82.491	-73.245	-99.999	-99.999	-99.999	-99.999	-99.999	-99.999	-99.999	-99.999	-94.999	-90.004	-85.001	-79.995	-75.006	-70.002	-65.002	-59.998	-55.002	-50.009
795	"Turkmenistan"	8.725	30.021	26.783	28.147	25.346	-5.07	-35.795	-39.702	43.633	-64.674	-125.883	-62.717	-50.002	-25.001	-25.001	-25.001	-25.001	-25.001	-25.001	-25.001	-23.753	-22.498	-21.25	-20.001	-18.745	-17.501	-16.251	-15.002	-13.75	-12.495
860	"Uzbekistan"	190.61	99.02	161.059	444.282	70.667	72.079	-185.17	-346.421	-322.777	-242.636	-242.297	-140.13	-66.469	-44.314	-44.314	-44.314	-44.314	-44.314	-44.314	-44.314	-42.097	-39.883	-37.666	-35.451	-33.234	-31.017	-28.801	-26.585	-24.371	-22.156
5501	"Southern Asia"	-242.23	-341.538	-461.947	-737.703	-1053.391	-160.514	-603.864	-529.091	-2392.028	-2893.178	-4509.555	-10717.061	-7063.835	-7237.015	-5541.753	-5473.068	-5473.375	-5473.377	-5473.375	-5473.381	-5199.7	-4926.037	-4652.367	-4378.7	-4105.025	-3831.358	-3557.695	-3284.033	-3010.348	-2736.696
4	"Afghanistan"	-20	-20	-20	-20	-20	-1092.462	-3318.301	-1484.185	2327.473	-379.474	929.118	-777.497	448.007	-299.999	-300	-300	-300	-300	-300	-300	-285.002	-269.998	-255	-240	-224.999	-210	-195.001	-180.001	-164.999	-149.999
50	"Bangladesh"	-55.096	1.484	-142.378	-161.822	-2977.854	-1076.732	-787.467	-219.363	-798.161	-756.121	-1541.457	-3570.954	-2526.483	-2350.001	-1500	-1500.002	-1499.999	-1499.999	-1499.999	-1499.999	-1424.998	-1350.001	-1275	-1199.999	-1125.001	-1049.997	-975.002	-900.002	-824.998	-750.002
64	"Bhutan"	5	5	5	10	9.999	10.004	0.797	1.595	-85.887	0.143	29.002	16.829	10	0	0	0	0	0	0	0	0	0	0	0	0	0	0	0	0	0
356	"India"	-105.71	-154.026	-85.382	-345.179	2143.321	1157.182	583.096	45.147	-552.935	-716.9	-1950.91	-2913.829	-2578.213	-2449.998	-1999.999	-1999.999	-1999.999	-2000	-1999.998	-2000	-1900.001	-1800	-1700	-1600.003	-1500.001	-1400.001	-1299.999	-1200.001	-1099.999	-1000.01
364	"Iran (Islamic Republic of)"	-1.088	-1.947	-7.838	51.755	77.633	419.996	2019.42	1344.377	-2096.003	615.293	-70.307	-549.266	-400.001	-274.998	-199.998	-200.001	-200.002	-200.002	-200.002	-200.002	-189.999	-180	-169.998	-159.999	-149.996	-139.998	-129.998	-120.001	-109.999	-100
462	"Maldives"	-0.022	-0.116	-0.581	-2.904	2.415	0	0	-2.605	-3.072	-1.1	13.811	17.994	21.916	9.758	5.047	1.993	1.63	1.63	1.63	1.63	1.549	1.466	1.384	1.305	1.222	1.142	1.059	0.979	0.898	0.816
524	"Nepal"	-40.559	-80.231	-70	-21.075	-5.799	-41.002	-101.147	-216.407	76.064	-464.703	-797.844	-1023.896	-372.369	-350	-300.003	-300.003	-300.006	-300.006	-300.006	-300.006	-285.001	-270.003	-255	-240.001	-224.999	-210.003	-195.002	-180.003	-165.001	-150
586	"Pakistan"	-8.255	-16.702	-93.268	-209.978	-138.106	700	1395.238	139.79	-1003.727	-728.632	-671.488	-1396.377	-1181.92	-1071.778	-871.8	-800.056	-799.999	-800	-800	-800.004	-759.999	-720.002	-680	-640	-600.001	-560	-520.003	-480.002	-439.999	-400.001
144	"Sri Lanka"	-16.5	-75	-47.5	-38.5	-145	-237.5	-395.5	-137.44	-255.78	-461.684	-449.48	-520.065	-484.772	-449.999	-375	-375	-375	-375	-375	-375	-356.249	-337.499	-318.753	-300.003	-281.25	-262.501	-243.749	-225.002	-206.251	-187.5
920	"South-Eastern Asia"	-16.434	-89.131	-149.923	-686.639	-164.08	-1405.168	-308.214	-8.832	-1692.2	-357.905	-2589.717	-3871.725	-1247.845	-1401.089	-1276.293	-1229.155	-1229.155	-1229.155	-1229.155	-1229.155	-1167.683	-1106.237	-1044.783	-983.324	-921.864	-860.406	-798.935	-737.485	-676.031	-614.579
96	"Brunei Darussalam"	5.263	5.029	4.889	9.636	9.768	7.335	2.933	2.839	3.868	3.215	3.347	-2.089	2.03	1.76	1.76	1.76	1.76	1.76	1.76	1.76	1.674	1.588	1.494	1.408	1.318	1.228	1.148	1.056	0.972	0.876
116	"Cambodia"	0	0	0	-249.999	-125	-84.999	-88.854	-78.022	409.414	348.495	-35.156	-295.987	-149.999	-149.999	-149.999	-149.999	-149.999	-149.999	-149.999	-149.999	-142.497	-135	-127.5	-120.001	-112.501	-105	-97.501	-90	-82.501	-75
360	"Indonesia"	-66.553	-108.516	-107.486	-40.261	-90.36	-202.747	-49.566	-166.738	-381.823	-344.962	-851.31	-744.715	-835	-825	-700	-700	-700	-700	-700	-700	-665	-630	-595	-560	-525	-490	-455	-420	-385	-350
418	"Lao People's Democratic Republic"	-0.01	0.046	0.076	0.03	0.046	-198.756	-35.11	0.138	-60.567	-134.746	-148.1	-110.258	-177.488	-73.518	-73.518	-73.518	-73.518	-73.518	-73.518	-73.518	-69.842	-66.168	-62.49	-58.816	-55.138	-51.462	-47.788	-44.112	-40.436	-36.76
458	"Malaysia"	-21.65	-56.321	-48.864	-134.701	-131.509	-6.95	-71.37	435.408	298.812	494.721	645.533	711.297	781.65	250	250	250	250	250	250	250	237.5	225	212.5	200	187.502	175	162.5	150	137.5	125
104	"Myanmar"	0	0	0	0	0	0	-54.656	-200	-699.993	-537.998	-1247.687	-1466.799	-474.278	-99.998	-100	-100	-100	-100	-100	-100	-95.002	-90.004	-85.002	-80	-74.998	-70	-65.001	-59.996	-55.001	-50
608	"Philippines"	0.497	0.958	0.364	-271.845	-237.734	-313.636	-176.673	-298.756	-504.878	-765.62	-1097.371	-1500.002	-650	-650	-500	-450	-450	-450	-450	-450	-427.5	-405	-382.5	-360	-337.5	-315	-292.5	-270	-247.5	-225
702	"Singapore"	65.545	67.991	0.428	-0.363	5.889	14.266	137.811	119.801	248.927	255.243	435.595	449.245	337.932	298.448	149.222	149.222	149.222	149.222	149.222	149.222	141.764	134.298	126.836	119.382	111.918	104.46	96.998	89.538	82.076	74.612
764	"Thailand"	0	0	0	0	402.578	287.226	341.913	513.675	-607.538	695.804	373.746	59.008	167.314	97.222	96.246	93.384	93.384	93.384	93.384	93.384	88.716	84.049	79.377	74.707	70.038	65.368	60.703	56.033	51.361	46.695
626	"Timor-Leste"	0.474	1.682	0.67	0.864	2.242	-93.784	10.3	-4.85	-4.186	-156.056	4.02	-93.744	-50.004	-50.004	-50.004	-50.004	-50.004	-50.004	-50.004	-50.004	-47.5	-45	-42.496	-40.004	-37.5	-35.002	-32.496	-30	-27.502	-25.002
704	"Viet Nam"	0	0	0	0	0	-813.123	-324.942	-332.327	-394.236	-216.001	-672.334	-877.681	-200.002	-200	-200	-200	-200	-200	-200	-200	-189.996	-180	-170.002	-160	-150.003	-139.998	-129.998	-120.004	-110	-100
922	"Western Asia"	288.226	310.171	345.635	60.828	308.174	457.743	1051.192	-20.942	-143.732	-608.83	1528.699	6629.096	3947.167	2022.371	852.831	47.641	90.014	55.014	50.012	50.011	47.5	44.998	42.492	40.011	37.501	34.994	32.493	30.009	27.503	24.993
51	"Armenia"	49.863	59.93	70.335	103.399	86.404	17.214	-51.23	-67.528	-496.288	-223.873	-160.521	-183.361	-30.535	-24.989	-24.989	-24.989	-24.989	-24.989	-24.989	-24.989	-23.748	-22.497	-21.249	-19.999	-18.749	-17.497	-16.251	-14.998	-13.751	-12.497
31	"Azerbaijan"	0	0	0	-40	-50.466	-50.466	-101.568	-161.568	-115.116	-111.849	36.524	53.58	0	0	0	0	0	0	0	0	0	0	0	0	0	0	0	0	0	0
48	"Bahrain"	3.08	7.861	-4.195	-8.033	19.123	48.962	3.234	12.899	5.48	39.18	155.5	272	42	235	75	65	30	20	20	20	19	18	17	16	15	14	13	12	11	10
196	"Cyprus"	-13.8	-6.648	-43.025	-7.843	3.053	-1.215	-27.634	17.167	43.195	53.26	57.53	58.658	22.509	25.001	25.002	25.001	25	25	25	25	23.751	22.501	21.253	20.003	18.753	17.5	16.25	15.004	13.753	12.501
268	"Georgia"	44.879	68.186	96.284	85.196	-73.425	-95.444	-47.827	-43.659	-544.069	-366.036	-277.521	-299.482	-305.269	-50	-50	-50	-50	-50	-50	-50	-47.499	-45.001	-42.503	-39.998	-37.499	-35	-32.501	-29.997	-27.498	-24.998
368	"Iraq"	-0.55	-1.1	-1.862	-6.877	-8.587	-47.791	-199.939	-630.184	-154.026	-17.859	-266.32	-457.332	463.665	39.171	-52.186	-62.375	-50	-30	-30	-30	-28.504	-26.998	-25.5	-24	-22.501	-21.004	-19.5	-18.001	-16.498	-15.007
376	"Israel"	262.167	167.565	208.759	72.44	165.879	62.546	2.604	65.418	456.923	245.334	102.935	273.635	19.497	50.002	50.002	50.002	50.002	50.002	50.002	50.002	47.499	44.999	42.496	40.001	37.501	34.999	32.499	29.999	27.498	25.001
400	"Jordan"	123.094	119.245	35.715	254.352	-29.706	-80.758	81.657	170.602	412.472	-150.147	-93.897	649.997	975.285	0	-599.998	-420.001	-170.001	-20	-20	-20	-18.998	-17.999	-17.001	-15.998	-15.001	-13.999	-13	-12.001	-10.999	-9.999
414	"Kuwait"	3.85	52.75	137	146.6	95.836	141.1	115.34	119.768	-655	242	26.5	479.5	670	100	70	70	60	60	55	45	42.75	40.5	38.25	36	33.75	31.5	29.25	27	24.75	22.5
422	"Lebanon"	1.615	40	20	-70.002	-10	-270	-214.381	-228.04	90	-29.428	550.11	183.37	1250	-150	-700	-449.998	-170.002	-20	-20	-20	-19.001	-18.002	-17.001	-15.999	-15.001	-14.005	-13.001	-12	-10.998	-10.009
512	"Oman"	-10	-10	-10	-5	25.47	76.409	81.5	11.169	104.7	-193.372	15	267	817.5	605	110	60	0	0	0	20	19	18	17	16	15	14	13	12	11	10
634	"Qatar"	5.687	4.553	16.393	21.061	34.368	28.387	102.097	57.517	-10.132	29.506	213.916	841.3	602	200	130	105	85	60	60	60	57	54	51	48	45	42	39	36	33	30
682	"Saudi Arabia"	26.289	25.969	125.989	187.007	491.874	821.335	1391.626	730	-110	-350	730	995	1590	590	300	300	300	200	200	200	190	180	170	160	150	140	130	120	110	100
275	"State of Palestine"	-68.812	-67.965	-77.642	-283.634	-32.249	-83.7	-61.448	-39.352	35.001	70.001	-190	-90.001	-43.751	-32.816	-25	-25	-24.999	-25.001	-25.003	-25.004	-23.75	-22.503	-21.25	-19.997	-18.75	-17.501	-16.251	-14.997	-13.75	-12.497
760	"Syrian Arab Republic"	-70	-15	-16	-16	-81.501	-161.672	-87.001	-146.501	-70	-130	-379.91	370	-4157.896	-1240	2779.999	1200	230.001	-49.998	-49.998	-49.998	-47.497	-45.002	-42.5	-40.002	-37.499	-34.999	-32.499	-30	-27.501	-25.002
792	"Turkey"	-18.998	-60	-149.998	-179.999	-239.999	-259.997	-69.997	-100.001	-119.998	-99.999	-39.997	-50	1627.172	1525.002	-1374.999	-949.998	-324.997	-300	-300	-300	-285	-270	-255	-240	-225	-210	-195	-180	-165	-150
784	"United Arab Emirates"	-0.138	-0.175	37.882	53.823	265.1	387.833	184.159	261.351	368.126	484.452	1161	3331	480	301	290	290	260	260	260	250	237.5	225	212.5	200	187.5	175	162.5	150	137.5	125
887	"Yemen"	-50	-75	-100	-245.662	-353	-75	-50	-50	615	-100	-112.15	-65.768	-75.01	-150	-150	-135.001	-135.001	-100	-100	-100	-95.003	-90	-85.003	-80	-75.003	-70	-65.003	-60	-55.003	-50
908	"EUROPE"	-1376.279	-2816.427	237.402	-422.27	2104.831	1957.727	1572.852	2668.812	5240.575	3713.327	8550.772	8801.821	4053.736	5291.643	4284.547	4554.708	4559.709	4559.705	4559.696	4559.489	4331.533	4103.587	3875.587	3647.627	3419.653	3191.678	2963.695	2735.722	2507.754	2279.792
923	"Eastern Europe"	-117.571	-2071.014	-1010.371	-468.298	-233.442	467.949	788.959	-11.248	1477.535	1029.37	924.433	1673.247	587.03	566.672	401.675	436.673	436.673	436.673	436.673	436.673	414.854	393.023	371.186	349.348	327.517	305.676	283.849	262.001	240.178	218.348
112	"Belarus"	-334.766	-164.536	-125.387	65.585	37.146	38.298	47.114	-23.021	-63.057	56.146	-6.382	63.933	75.799	10	10	10	10	10	10	10	9.5	9	8.501	7.998	7.503	7	6.498	6	5.499	5.004
100	"Bulgaria"	-100.895	-43.465	-1.437	-6.423	-43.396	-94.868	-22.346	-184.143	-356.464	-133.824	-85.5	-83.742	-24.472	-24.001	-24.001	-24.001	-24.001	-24.001	-24.001	-24.001	-22.8	-21.6	-20.402	-19.197	-17.998	-16.797	-15.6	-14.4	-13.201	-11.997
203	"Czechia"	59.997	-36.387	24.999	-129.099	9.999	9.999	-52.946	5.671	29.999	46.002	47.402	250.889	59.997	59.997	59.997	59.997	59.997	59.997	59.997	59.997	57.001	54	51	48.002	44.999	41.999	39.001	35.997	32.998	29.999
348	"Hungary"	24.754	-174.316	21.715	15.731	-24.419	13.04	-115.8	-91.554	99.98	78.562	61.589	25.15	29.999	29.999	29.999	29.999	29.999	29.999	29.999	29.999	28.5	27.002	25.498	24.002	22.501	20.998	19.501	18.002	16.5	14.998
616	"Poland"	0	-270.397	-62.544	-143.114	-170.903	-106.595	-119.193	-304.973	-159.999	-85.199	-183.471	-178.456	-73.997	-50.002	-50.002	-50.002	-50.002	-50.002	-50.002	-50.002	-47.499	-44.999	-42.496	-40.001	-37.501	-34.999	-32.499	-29.999	-27.498	-25.001
498	"Republic of Moldova"	90.096	140.733	100.89	74.449	55.824	-26.414	-9.185	-84.531	-131.953	-165.309	-12.079	-47.911	-9.529	-14.318	-14.318	-14.318	-14.318	-14.318	-14.318	-14.318	-13.602	-12.884	-12.169	-11.452	-10.738	-10.023	-9.306	-8.591	-7.874	-7.158
642	"Romania"	-2.001	-2.001	-2.001	-2.001	-2.001	-99.999	-200	-200	-520.001	-610	-468.204	-774.651	-299.997	-150	-74.999	-40.001	-40.001	-40.001	-40.001	-40.001	-37.999	-35.997	-33.999	-32.004	-29.999	-28	-25.996	-24.002	-22	-20
643	"Russian Federation"	32.795	-1213.491	-1394.343	-553.217	-290.289	639.801	1107	906.615	2519.717	2308.22	1735.324	2157.349	1017.884	799.998	500.002	500.002	500.002	500.002	500.002	500.002	475	450.001	425.002	399.999	375	349.999	325	299.999	275.004	249.997
703	"Slovakia"	68.523	17.987	-26.427	-57.838	-15.254	-9.696	-34.777	-35.312	-15.108	-2.964	1.199	-8.855	11.346	4.999	4.999	4.999	4.999	4.999	4.999	4.999	4.752	4.499	4.251	4	3.748	3.499	3.251	2.999	2.751	2.5
804	"Ukraine"	43.926	-325.141	454.164	267.629	209.851	104.383	189.092	0	74.421	-462.264	-165.445	269.541	-200	-100	-40.002	-40.002	-40.002	-40.002	-40.002	-40.002	-37.999	-35.999	-34	-31.999	-29.998	-28	-26.001	-24.004	-22.001	-19.994
924	"Northern Europe"	-517.497	-92.59	199.209	67.469	361.437	295.393	48.15	315.135	181.713	661.786	1276.532	2565.946	1277.404	1337.251	1304.078	1323.254	1323.254	1323.254	1323.254	1323.054	1256.903	1190.752	1124.591	1058.448	992.296	926.128	859.978	793.839	727.679	661.515
830	"Channel Islands"	2.186	2.251	2.934	3.88	4.25	1.726	5.38	6.085	2.12	3.778	4.592	4.479	3.654	3.654	3.654	3.654	3.654	3.654	3.654	3.654	3.474	3.291	3.109	2.925	2.742	2.558	2.376	2.195	2.011	1.827
208	"Denmark"	-18.28	-32.64	2.256	21.866	23.256	14.925	9.319	32.839	65.466	74.568	46.306	87.989	106.841	75.998	75.998	75.998	75.998	75.998	75.998	75.998	72.202	68.4	64.601	60.799	57.001	53.198	49.401	45.602	41.798	38.001
233	"Estonia"	36.999	26.899	43.228	41.204	30.581	30.51	25.9	15.497	-111.876	-1.197	-18.406	-15.151	-10.516	-4.999	-4.999	-4.999	-4.999	-4.999	-4.999	-4.999	-4.753	-4.501	-4.25	-3.999	-3.75	-3.501	-3.252	-2.999	-2.75	-2.5
246	"Finland"	-32.54	-27.747	-64.984	-97.937	28.88	-29.377	26.181	18.268	47.223	22.154	31.935	57.558	81.416	70	70	70	70	70	70	70	66.503	62.999	59.499	56.001	52.499	48.999	45.5	42	38.501	34.997
352	"Iceland"	-0.413	0.323	-0.732	-2.757	-1.061	-3.929	0.26	0.646	-1.054	1.02	2.94	12.007	-2.163	1.9	1.9	1.9	1.9	1.9	1.9	1.9	1.803	1.709	1.614	1.521	1.426	1.329	1.235	1.138	1.046	0.951
372	"Ireland"	-146.275	-207.419	-109.734	-50.86	37.331	53.058	-50.745	-115.193	-10.648	83.412	199.949	198.144	-139.996	23.497	50.002	50.002	50.002	50.002	50.002	50.002	47.499	44.999	42.496	40.001	37.501	34.999	32.499	29.999	27.498	25.001
428	"Latvia"	28.718	66.97	79.651	70.78	54.668	36.327	30.762	41.91	-116.474	-46.601	-72.49	-86.594	-83.325	-50	-25	-5	-5	-5	-5	-5	-4.753	-4.501	-4.251	-4	-3.753	-3.502	-3.255	-3	-2.751	-2.506
440	"Lithuania"	-73.35	-24.501	24.715	26.314	37.782	38.815	43.804	36.863	-100.301	-93.925	-99.104	-150.93	-146.217	-25	-10	-10	-10	-10	-10	-10	-9.5	-9	-8.5	-7.999	-7.5	-7.001	-6.499	-6	-5.499	-5.006
578	"Norway"	-3.962	-9.438	-2.274	4.178	15.87	20.728	24.805	38.715	46.903	58.773	67.4	163.433	221.814	140	140	140	140	140	140	140	132.999	126.003	119.001	112	104.999	98	90.999	84.002	77.003	70
752	"Sweden"	52.052	47.266	80.351	130.98	18.798	88.567	29.799	134.569	156.46	58.47	141.723	262.453	253.958	200	150	150	150	150	150	150	142.501	135.002	127.498	120.001	112.5	104.999	97.499	90	82.499	74.999
826	"United Kingdom"	-357.92	69.966	142.563	-84.853	106.415	39.119	-97.495	98.758	205.443	498.998	968.35	2030.075	990	900	850.623	850	850	850	850	850	807.5	765	722.5	680	637.506	595	552.5	510	467.5	425
925	"Southern Europe"	-1025.964	-1732	-1437.731	-1558.423	73.879	713.678	273.217	-270.201	-173.397	560.893	4305.189	3078.648	-985.958	440.918	631.994	852.984	857.985	857.981	857.972	857.965	815.062	772.178	729.278	686.383	643.498	600.603	557.69	514.8	471.906	429.009
8	"Albania"	-0.099	-0.099	-0.099	-0.099	-0.099	-0.099	-0.099	-0.099	-443.212	-179.606	-176.774	-217.358	-93.425	-40	-40	-40	-40	-40	-40	-40	-38.001	-36.003	-34.002	-31.999	-30.002	-28.001	-26.002	-23.998	-22.002	-20.004
70	"Bosnia and Herzegovina"	-50.002	-50.002	-50.002	-96.958	-82.247	-74.132	-29.999	-134.587	-726.484	-159.283	-6	-59.246	-161.371	-2.506	-2.506	-2.506	-2.506	-2.506	-2.506	-2.506	-2.376	-2.251	-2.126	-2	-1.875	-1.749	-1.626	-1.502	-1.375	-1.255
191	"Croatia"	-0.018	-0.018	1.854	-1.225	-18.403	18.681	54.369	26.145	-143.579	-188.129	-2.58	-10.499	-32.772	-40	-20	-8	-2	-2	-2	-2	-1.904	-1.801	-1.703	-1.6	-1.499	-1.403	-1.303	-1.204	-1.1	-1.004
300	"Greece"	-70.009	-203.298	-257.899	-187.126	20.771	309.665	100.241	178.887	464.636	297.431	113.586	80.157	-161.799	49.996	49.996	49.996	49.996	49.996	49.996	49.996	47.502	44.999	42.499	39.996	37.503	35.003	32.497	29.997	27.498	25.007
380	"Italy"	-203.668	-559.402	-231.607	-231.781	19.396	164.927	266.352	-10.058	152.825	223.974	1624.3	1006.308	264.145	350	400	500	500	500	500	500	474.997	450.003	424.998	400.001	375.001	350.003	325.001	299.999	275.002	250.011
470	"Malta"	-29.215	-27.724	-11.71	-12.601	-9.682	-4.843	2.856	1.159	3.787	6.378	5.521	6.63	9.447	4.501	3.999	2.999	2.001	2.001	2.001	2.001	1.9	1.799	1.699	1.599	1.499	1.403	1.298	1.198	1.099	1
499	"Montenegro"	9.999	-2.001	-2.001	-53.773	-2.001	-7.401	-2.001	-29.965	-20.249	-21.588	-7.999	-0.683	-3.112	-2.4	-2.4	-2.4	-2.4	-2.4	-2.4	-2.4	-2.282	-2.164	-2.04	-1.92	-1.805	-1.68	-1.562	-1.438	-1.322	-1.207
620	"Portugal"	-265.081	-329.412	-547.884	-701.6	108.187	198.629	-66.894	-147.873	149.122	173.604	178.353	92.133	-140	-30.001	40	50.002	50.002	50.002	50.002	50.002	47.498	45.002	42.5	40	37.499	34.999	32.498	30	27.501	25
688	"Serbia"	35.206	-50.057	-88.14	-89.744	-20.651	7.68	-10.36	-27.488	178.348	-495.902	-276.331	-116.385	-99.999	-50	-50	-50	-50	-50	-50	-50	-47.5	-45.002	-42.5	-40.002	-37.502	-35.002	-32.502	-30	-27.504	-25.011
705	"Slovenia"	-20	-9.672	-22.059	-14.95	17.942	34.686	68.363	32.609	-17.461	1.487	14.998	39.348	16.571	6.002	6.002	6.002	6.002	6.002	6.002	6.002	5.701	5.399	5.098	4.796	4.501	4.199	3.899	3.598	3.3	2.999
724	"Spain"	-435.544	-459.01	-193.807	-145.936	96.99	76.903	-43.292	-67.68	319.27	905.02	2838.24	2259	-570	200	250	350	350.002	350.002	350.002	349.999	332.497	314.998	297.503	279.997	262.5	245	227.5	209.997	192.497	175
807	"TFYR Macedonia"	0	-44.94	-40.94	-28.981	-61.002	-14.749	-72.752	-98.818	-100.107	-4.999	-14.572	-7.399	-8.853	-4.999	-4.999	-4.999	-4.999	-4.999	-4.999	-4.999	-4.752	-4.499	-4.251	-4	-3.748	-3.499	-3.251	-2.999	-2.751	-2.5
926	"Western Europe"	284.753	1079.177	2486.295	1536.982	1902.957	480.707	462.526	2635.126	3754.724	1461.278	2044.618	1483.98	3175.26	2946.802	1946.8	1941.797	1941.797	1941.797	1941.797	1941.797	1844.714	1747.634	1650.532	1553.448	1456.342	1359.271	1262.178	1165.082	1067.991	970.92
40	"Austria"	-77.999	-52.002	15.996	50.401	82.001	5.502	18.002	110.999	227.841	65.082	178.117	153.763	267.172	99.999	99.999	99.999	99.999	99.999	99.999	99.999	95	90	84.999	80	74.999	69.998	65	59.997	55.001	50.002
56	"Belgium"	53.71	46.636	38.304	47.288	70.98	73.523	18.478	42.556	106.947	50.87	219.56	294.27	258.672	240	119.998	119.998	119.998	119.998	119.998	119.998	114.001	107.998	102	96	89.996	84.002	77.999	72.001	66.001	60
250	"France"	298.328	930.036	1466.682	416.217	805.181	146.855	268.131	481.869	303.416	382.333	493.125	536.344	361.722	400.002	400.002	400.002	400.002	400.002	400.002	400.002	380	360.001	340	320.002	299.997	280.001	260	240.002	219.999	200
276	"Germany"	-42.001	39.829	666.962	867.574	714.153	228.894	0.023	1714.683	2659.698	695.914	804.608	43.087	1777.126	1850	1000	1000	1000	1000	1000	1000	949.999	900.003	850	800	750.002	700.003	650.001	600.001	550.001	500.004
442	"Luxembourg"	5.756	4.191	8.527	5.918	15.284	11.846	2.552	12.831	20.04	19.94	14.473	42.279	48.704	25.001	25.001	19.998	19.998	19.998	19.998	19.998	19	18.002	17.003	16.003	15.001	14	13	11.999	10.997	10.002
528	"Netherlands"	-84.929	-22.221	11.589	54.636	186.745	145.804	71.525	139.748	186.409	178.553	146.02	65.713	62.687	80	100	100	100	100	100	100	95.001	90.003	85.002	80	74.998	70.003	65.003	59.999	55.001	50.002
756	"Switzerland"	131.747	129.187	276.181	92.978	25.185	-135.365	81.04	130.857	247.406	65.218	186.125	344.872	397.267	250	200	200	200	200	200	200	190.001	180.001	170	160.001	150	139.998	130.002	119.999	110.001	100.001
904	"LATIN AMERICA AND THE CARIBBEAN"	-202.792	-1073.328	-1484.516	-2003.903	-2333.232	-3276.152	-3505.552	-3772.728	-3330.891	-4878.639	-5608.282	-2499.32	-1842.656	-1673.517	-1455.351	-1231.579	-1237.728	-1203.743	-1197.565	-1194.946	-1135.142	-1075.364	-1015.55	-955.822	-896.047	-836.301	-776.574	-716.876	-657.122	-597.451
915	"Caribbean"	-454.003	-527.736	-659.522	-797.112	-608.59	-594.404	-715.801	-647.774	-565.333	-600.967	-679.832	-693.304	-587.318	-609.624	-544.72	-484.456	-475.938	-465.631	-465.802	-465.946	-442.571	-419.245	-395.902	-372.612	-349.285	-326.004	-302.71	-279.477	-256.169	-232.948
28	"Antigua and Barbuda"	0.187	-4.463	-1.703	-1.625	-2.874	-3.492	-8.84	-7.629	2.617	4.421	-0.282	-0.092	-0.056	-0.056	-0.056	-0.056	-0.056	-0.056	-0.056	-0.056	-0.053	-0.05	-0.05	-0.044	-0.04	-0.038	-0.036	-0.032	-0.029	-0.028
533	"Aruba"	-1.58	2.784	-4.323	-4.275	-3.537	-5.47	-1.921	-5.194	14.218	6.926	6.263	-0.441	1.253	1.004	0.803	0.646	0.519	0.417	0.334	0.269	0.256	0.242	0.229	0.215	0.202	0.188	0.175	0.161	0.148	0.135
44	"Bahamas"	-0.227	8.483	14.357	14.08	0.887	2.791	0.18	-1.099	-0.395	-3.097	15.483	14.363	9.672	5	5	5	5	5	5	5	4.752	4.506	4.254	4	3.754	3.5	3.252	3	2.754	2.5
52	"Barbados"	-6.823	-17.305	-15.903	-11.88	-5.433	-3.595	-5.589	-4.077	-3.263	-1.323	-0.077	2.05	2.18	2.072	1.973	1.878	1.789	1.7	1.618	1.54	1.462	1.388	1.314	1.24	1.166	1.092	1.018	0.944	0.87	0.796
192	"Cuba"	-30	-55	-205	-250	-190	-160	-270	-69.999	-120.006	-132.839	-145.629	-178.725	-73.271	-109.998	-64.996	-30.001	-29.999	-29.999	-29.999	-30	-28.495	-26.998	-25.493	-23.996	-22.496	-20.999	-19.495	-17.999	-16.498	-14.998
531	"Curacao"	2.619	-5.986	-7.752	-4.526	-5	-13.251	-8.464	-14.547	-11.517	-17.077	-6.07	15.363	6.817	2.573	2.573	2.573	2.573	2.573	2.573	2.573	2.448	2.317	2.188	2.058	1.932	1.802	1.677	1.543	1.417	1.286
214	"Dominican Republic"	-18.957	-31.722	-43.49	-56.172	-70.824	-87.098	-118.102	-134.47	-144.154	-150.146	-152.553	-153.773	-153.01	-151.333	-147.671	-140.346	-138.146	-128.145	-128.144	-128.143	-121.734	-115.328	-108.924	-102.518	-96.109	-89.702	-83.294	-76.889	-70.478	-64.074
308	"Grenada"	-5.582	-5.22	-8.968	-9.319	-11.426	-12.867	-0.288	-15.001	-3.923	-4.912	-4.132	-4.274	-4.274	-3.497	-2.996	-2.798	-2.497	-2.496	-2.5	-2.497	-2.372	-2.248	-2.123	-2.001	-1.873	-1.744	-1.627	-1.499	-1.376	-1.249
312	"Guadeloupe"	-2.805	5.503	-10.865	-18.256	-25.404	-23.851	4.711	5.254	-4.68	-0.374	-4.367	-3.928	-10.005	-8	-6	-3.997	-3.773	-3.773	-3.773	-3.773	-3.584	-3.396	-3.205	-3.017	-2.831	-2.641	-2.453	-2.265	-2.072	-1.886
332	"Haiti"	-29.999	-34.999	-51.997	-58.003	-88	-97.999	-124.999	-135.001	-140.001	-144.998	-139.999	-138.004	-150	-175	-175	-175	-175	-175	-175	-175	-166.249	-157.5	-148.748	-139.996	-131.245	-122.497	-113.745	-105.002	-96.246	-87.501
388	"Jamaica"	-36.15	-146.701	-144.764	-151.557	-92.857	-101.213	-73.916	-145.996	-101.198	-82.801	-84.638	-87.395	-93.096	-93	-89.997	-85	-80.002	-80.002	-80	-80.001	-75.999	-71.998	-67.997	-64	-59.994	-55.997	-51.994	-47.997	-43.996	-40.001
474	"Martinique"	-8.004	0.035	-8.196	-23.08	-27.079	-20.682	-1.639	-0.234	-6.748	2.54	-4.008	-14.113	-16.772	-4.8	-3.203	-3.203	-3.203	-3.203	-3.203	-3.203	-2.99	-2.788	-2.601	-2.428	-2.265	-2.115	-1.973	-1.844	-1.721	-1.598
630	"Puerto Rico"	-289.711	-209.505	-91.587	-134.255	-41.031	-19.579	-48.42	-55.192	-0.296	-30.45	-145.704	-138.043	-103.53	-70.002	-59.998	-49.999	-49.997	-49.997	-49.997	-49.997	-47.499	-44.999	-42.495	-39.997	-37.497	-34.998	-32.499	-30.003	-27.498	-25.002
662	"Saint Lucia"	-9.113	-12.441	-9.372	-7.697	-9.649	-8.932	-8.141	-4.262	-4.806	-0.948	-0.227	2.85	0.04	0.04	0.04	0.04	0.04	0.04	0.04	0.04	0.044	0.036	0.04	0.032	0.036	0.028	0.032	0.024	0.028	0.02
670	"Saint Vincent and the Grenadines"	-4.907	-5.687	-9.326	-10.014	-8.792	-7.257	-7.345	-7.103	-8.682	-7.948	-5.2	-5.122	-5	-2.996	-2.498	-2	-1.493	-0.993	-0.993	-0.993	-0.946	-0.899	-0.846	-0.802	-0.748	-0.699	-0.648	-0.601	-0.544	-0.495
780	"Trinidad and Tobago"	-2.802	-2.825	-57.936	-61.563	-29.357	-30.858	-34.278	-45.071	-31.973	-32.545	-13.159	-11.303	-4.999	-4.499	-3.997	-3.498	-2.998	-2.998	-3	-3.002	-2.848	-2.699	-2.548	-2.396	-2.248	-2.096	-1.948	-1.799	-1.647	-1.501
850	"United States Virgin Islands"	-0.302	-0.537	10.27	3.245	9.407	1.961	-3.492	-11.156	-4.618	-3.936	-5.272	-6.267	-4.501	-2.254	-2.254	-2.254	-2.254	-2.254	-2.254	-2.254	-2.139	-2.025	-1.913	-1.799	-1.689	-1.573	-1.462	-1.349	-1.238	-1.124
916	"Central America"	-289.932	-368.992	-494.792	-773.395	-1222.818	-1728.941	-2204.983	-2563.973	-2071.344	-3182.663	-3657.562	-763.599	-685.19	-614.446	-534.786	-447.111	-443.694	-420.021	-413.667	-410.898	-390.368	-369.822	-349.262	-328.726	-308.183	-287.628	-267.094	-246.541	-225.995	-205.46
84	"Belize"	-2.956	-2.744	-2.418	-2.957	-10.665	-13.542	-5.332	-5.404	-9.011	11.909	5.797	8.722	7.594	6.832	6.159	5.544	5.544	5.544	5.544	5.544	5.264	4.987	4.712	4.432	4.156	3.88	3.601	3.325	3.048	2.769
188	"Costa Rica"	4.912	7.137	7.905	7.827	12.638	17.425	18.876	17.417	69.202	89.527	41.792	30.339	19.658	16.384	13.494	10.978	8.788	8.778	8.776	8.778	8.334	7.896	7.462	7.024	6.58	6.144	5.706	5.264	4.826	4.394
222	"El Salvador"	-62.152	-43.88	-24.031	-44.306	-90.977	-164.23	-231.749	-256.685	-265.152	-326.853	-312.786	-285.671	-240.415	-202.694	-170.327	-141.572	-135.508	-116.253	-116.25	-116.252	-110.439	-104.627	-98.815	-93.003	-87.189	-81.377	-75.565	-69.75	-63.937	-58.126
320	"Guatemala"	-2.865	-4.247	-10.311	-41.269	-137.529	-258.519	-283.074	-299.909	-367.469	-402.326	-281.05	-114.231	-50.131	-46.073	-43.842	-41.71	-39.651	-37.714	-35.871	-34.102	-32.403	-30.692	-28.991	-27.281	-25.579	-23.872	-22.171	-20.463	-18.757	-17.054
340	"Honduras"	-2.002	-12.002	-29.002	-41	-45.999	-50.999	-61.998	-73.998	-77.999	-64.998	-41.999	-24	-15.001	-14.001	-13.999	-13	-10.001	-7.51	-3	-2	-1.903	-1.805	-1.696	-1.601	-1.5	-1.399	-1.3	-1.199	-1.101	-1.003
484	"Mexico"	-200.001	-289.999	-411.004	-620.001	-899.999	-1186.998	-1519	-1785.998	-1302.868	-2354.719	-2911.437	-246.002	-300	-300	-274.999	-249.999	-249.999	-249.999	-249.999	-249.999	-237.5	-224.998	-212.5	-200.002	-187.499	-175	-162.502	-150.003	-137.497	-125
558	"Nicaragua"	-10.802	-11	-14.003	-18.997	-37.999	-58.001	-110.002	-150.001	-120.001	-145	-173.998	-155	-135	-106.342	-80.154	-40	-40	-40	-40	-40	-38	-36.001	-33.999	-32	-30.003	-27.999	-26	-23.996	-22	-20.005
591	"Panama"	-14.066	-12.257	-11.928	-12.692	-12.288	-14.077	-12.704	-9.395	1.954	9.797	16.119	22.244	28.105	31.448	28.882	22.648	17.133	17.133	17.133	17.133	16.279	15.418	14.565	13.705	12.851	11.995	11.137	10.281	9.423	8.565
931	"South America"	541.143	-176.6	-330.202	-433.396	-501.824	-952.807	-584.768	-560.981	-694.214	-1095.009	-1270.888	-1042.417	-570.148	-449.447	-375.845	-300.012	-318.096	-318.091	-318.096	-318.102	-302.203	-286.297	-270.386	-254.484	-238.579	-222.669	-206.77	-190.858	-174.958	-159.043
32	"Argentina"	309.999	140.002	122.001	130.001	290	-230.001	139.999	160.002	29.999	-80	-90	-84.998	30	24.002	19.002	15.4	12	11.999	11.999	11.998	11.401	10.798	10.201	9.598	8.997	8.401	7.801	7.201	6.602	5.999
68	"Bolivia (Plurinational State of)"	-31.997	-30.002	-34.003	-37.001	-42.998	-60.007	-87.002	-106.998	-90.997	-83.002	-89.995	-84.003	-61.794	-50.005	-40.3	-31.699	-24.391	-24.388	-24.392	-24.393	-23.173	-21.951	-20.731	-19.511	-18.295	-17.074	-15.855	-14.636	-13.416	-12.195
76	"Brazil"	330.012	0	0	0	0	0	0	0	0	0	0	0	15.924	30	30	30	10	10	10	10	9.5	9	8.501	7.999	7.498	7.001	6.499	5.999	5.5	5.002
152	"Chile"	-58.248	-62.554	-44.994	-40.584	-62.525	-76.611	-63.513	-20.953	13.65	23.454	37.362	59.383	80.82	85.285	76.549	75.667	58.266	58.266	58.266	58.266	55.352	52.44	49.526	46.617	43.701	40.786	37.873	34.962	32.05	29.137
170	"Colombia"	-162.997	-213.002	-253.998	-281	-289.998	-286.998	-273.997	-254.001	-223.998	-190	-159.003	-143	-144.998	-147.004	-147.002	-147	-144.998	-144.998	-144.998	-145.001	-137.751	-130.501	-123.25	-116.001	-108.749	-101.497	-94.25	-86.999	-79.753	-72.497
218	"Ecuador"	-2	-7.999	-9.002	-5.5	-5.499	-7.198	-14.001	-16.998	-19	-69.999	-120.002	-44.999	-38.001	-30.776	-24.056	-18.214	-13.42	-13.42	-13.42	-13.42	-12.753	-12.081	-11.408	-10.74	-10.067	-9.396	-8.728	-8.052	-7.382	-6.713
254	"French Guiana"	0.231	0.706	3.474	4.035	2.53	5.096	10.773	16.749	4.45	6.6	17.699	3.004	6	6	6	6	6	6	6	6	5.704	5.399	5.101	4.801	4.503	4.201	3.9	3.601	3.298	3.001
328	"Guyana"	1.676	-1.305	-14.669	-42.559	-54.362	-52.341	-97.34	-102.648	-57.867	-80.312	-64.249	-55.476	-27.278	-24.552	-22.097	-20.757	-19.551	-19.551	-19.551	-19.551	-18.574	-17.597	-16.618	-15.643	-14.665	-13.683	-12.709	-11.73	-10.753	-9.776
600	"Paraguay"	-78.978	-74.633	-70.58	-65.825	-58.83	-46.331	-21.209	-17.242	-31.049	-43.861	-46.919	-117.299	-86.7	-82.365	-76.682	-69.965	-62.555	-62.555	-62.555	-62.555	-59.428	-56.3	-53.174	-50.047	-46.917	-43.789	-40.66	-37.536	-34.405	-31.28
604	"Peru"	-16.5	-22.001	-30	-50.003	-87.999	-98.998	-117.998	-185.001	-293.999	-540.001	-634.999	-489.999	-240	-179.54	-128.859	-89.445	-89.445	-89.445	-89.445	-89.445	-84.972	-80.5	-76.03	-71.556	-67.08	-62.612	-58.138	-53.668	-49.192	-44.715
740	"Suriname"	-3.423	-5.416	-11.05	-13.862	-56.82	-40.352	-31.771	-4.845	-5.195	-10.189	-9.124	-6.485	-5	-4.999	-4.999	-4.999	-4.999	-4.999	-4.999	-4.999	-4.753	-4.501	-4.25	-3.999	-3.75	-3.501	-3.252	-2.999	-2.75	-2.5
858	"Uruguay"	10	20	-6	-34	-136	-60	-30	-30	-20	-26	-104	-50	-30	-15	-15	-15	-15	-15	-15	-15	-14.255	-13.505	-12.753	-12	-11.255	-10.505	-9.753	-9	-8.255	-7.505
862	"Venezuela (Bolivarian Republic of)"	243.547	79.805	18.874	3.172	0.892	1.094	1.373	0.891	-0.572	-2.061	-7.648	-28.395	-69.121	-60.493	-48.401	-30	-30.003	-30	-30.001	-30.002	-28.501	-26.998	-25.501	-24.002	-22.5	-21.001	-19.498	-18.001	-16.502	-15.001
905	"NORTHERN AMERICA"	1573.912	2672.769	2006.412	2159.582	3711.842	4362.149	3777.765	4302.38	5211.559	9370.78	6231.241	6258.974	5641.359	5597.817	5849.49	6099.487	6099.487	6099.487	6099.487	6099.487	5794.517	5489.54	5184.564	4879.586	4574.619	4269.644	3964.667	3659.691	3354.717	3049.754
124	"Canada"	615.129	561.451	178.066	608.528	771.526	438.027	376.129	875.013	698.764	761.611	1026.702	1229.905	1145.721	1100	1100	1100	1100	1100	1100	1100	1045.002	990.002	935.001	880.001	825.003	770.003	715.003	660	605.001	550.008
840	"United States of America"	960.424	2112.299	1829.274	1549.465	2940.497	3926.811	3402.26	3428.74	4516.808	8612.074	5206.538	5033.689	4500	4500	4750.003	5000	5000	5000	5000	5000	4750.003	4500	4250	3999.998	3750	3500.001	3249.998	2999.999	2749.999	2500
909	"OCEANIA"	477.302	407.496	432.253	782.227	297.971	100.561	412.687	557.779	398.739	321.811	570.94	1065.258	909.994	857.874	744.51	752.132	755.402	755.574	755.685	755.733	718.051	680.239	642.443	604.625	566.84	529.023	491.236	453.421	415.639	377.813
927	"Australia/New Zealand"	500.707	436.066	437.38	800.157	340.807	160.95	453.319	656.815	469.094	420.136	709.733	1185.101	1004.002	924.369	811.999	811.999	811.999	811.999	811.999	811.999	771.402	730.8	690.202	649.598	609.001	568.398	527.803	487.203	446.602	406
36	"Australia"	438.295	397.191	382.989	802.781	264.129	235.744	456.227	666.233	351.078	377.552	575.104	1122.688	913.107	849.966	750	750	750	750	750	750	712.503	674.999	637.5	599.999	562.501	524.998	487.502	450	412.501	375
554	"New Zealand"	62.412	38.875	54.391	-2.624	76.678	-74.794	-2.908	-9.418	118.016	42.584	134.629	62.413	90.895	74.403	61.999	61.999	61.999	61.999	61.999	61.999	58.899	55.801	52.702	49.599	46.5	43.4	40.301	37.203	34.101	31
928	"Melanesia"	-7.054	-6.958	2.216	-4.478	-5.759	-24.25	-21.232	-73.992	-34.623	-45.949	-63.427	-36.282	-35.325	-26.733	-26.733	-26.733	-26.733	-26.733	-26.733	-26.733	-25.397	-24.059	-22.716	-21.386	-20.047	-18.71	-17.377	-16.031	-14.696	-13.37
242	"Fiji"	-3.286	-4.858	2.451	-9.567	-12.506	-20.709	-11.628	-66.875	-35.796	-42.26	-61.797	-28.754	-28.72	-20	-20	-20	-20	-20	-20	-20	-19	-18	-17	-16	-15	-14	-13	-12	-11	-10
540	"New Caledonia"	-3.462	2.454	3.347	1.406	8.19	0.03	-3.292	-0.488	4.435	6.071	4.771	4.234	5.66	5.664	5.664	5.664	5.664	5.664	5.664	5.664	5.38	5.1	4.814	4.53	4.25	3.97	3.684	3.4	3.116	2.832
598	"Papua New Guinea"	-1.995	-6.998	-5.997	2.001	-5	-3.998	-3	-1.996	-1.996	-1.996	-1.001	-1.001	-1.001	-1.001	-1.001	-1.001	-1.001	-1.001	-1.001	-1.001	-0.948	-0.895	-0.843	-0.799	-0.748	-0.698	-0.648	-0.595	-0.546	-0.5
90	"Solomon Islands"	1.793	2.566	2.348	2.188	2.118	0.182	0	-1.832	-0.971	-0.677	-4.898	-11.896	-11.868	-12	-12	-12	-12	-12	-12	-12	-11.402	-10.802	-10.198	-9.598	-9	-8.402	-7.802	-7.198	-6.598	-6
548	"Vanuatu"	-0.104	-0.122	0.067	-0.506	1.439	0.245	-3.312	-2.801	-0.295	-7.087	-0.502	1.135	0.604	0.604	0.604	0.604	0.604	0.604	0.604	0.604	0.573	0.538	0.511	0.481	0.451	0.42	0.389	0.362	0.332	0.298
954	"Micronesia"	-5.917	-6.016	-4.15	-3.454	-11.666	-7.092	7.739	7.672	-0.845	-22.534	-44.851	-42.95	-23.737	-15.465	-13.007	-10.752	-10.755	-10.754	-10.748	-10.75	-10.218	-9.706	-9.176	-8.647	-8.129	-7.598	-7.059	-6.545	-6.014	-5.497
316	"Guam"	-3.842	-4.552	-2.905	-1.442	-2.131	-1.511	0.109	0.099	1.739	-4.116	-9.556	-9.776	-7.594	-2.532	-2.532	-2.532	-2.532	-2.532	-2.532	-2.532	-2.404	-2.278	-2.149	-2.024	-1.904	-1.772	-1.645	-1.517	-1.388	-1.266
296	"Kiribati"	-1.082	-1.127	-1.219	-1.274	-1.5	-2.576	-3.112	-0.766	-4.598	-2.977	-2.039	-0.578	-2.13	-2.126	-2.128	-2.128	-2.131	-2.13	-2.124	-2.126	-2.017	-1.919	-1.807	-1.706	-1.599	-1.49	-1.38	-1.276	-1.169	-1.065
583	"Micronesia (Fed. States of)"	0	0	0	0	-7.997	-0.548	0	-2.461	-2.234	-13.618	-12.85	-12.132	-8.192	-6	-5	-4	-4	-4	-4	-4	-3.798	-3.598	-3.402	-3.2	-3	-2.8	-2.598	-2.402	-2.202	-2
957	"Polynesia"	-10.434	-15.596	-3.193	-9.998	-25.411	-29.047	-27.139	-32.716	-34.887	-29.842	-30.515	-40.611	-34.946	-24.297	-27.749	-22.382	-19.109	-18.938	-18.833	-18.783	-17.736	-16.796	-15.867	-14.94	-13.985	-13.067	-12.131	-11.206	-10.253	-9.32
258	"French Polynesia"	-1.286	-2.427	3.19	3.344	4.388	3.844	3.65	0.241	-4.324	3.483	0.077	-3.463	-4.998	-0.5	-5	-0.5	-0.5	-0.5	-0.5	-0.5	-0.477	-0.447	-0.426	-0.402	-0.37	-0.35	-0.323	-0.301	-0.273	-0.24
882	"Samoa"	-2.765	-2.365	-1.453	-5.043	-13.312	-17.563	-17.43	-18.654	-13.724	-17.3	-15.726	-15.371	-12.69	-12.5	-12.5	-12.5	-10	-10	-10	-10	-9.494	-9	-8.494	-8	-7.494	-7	-6.494	-6	-5.494	-5
776	"Tonga"	-1.614	-4.925	0.103	-3.147	-7.635	-7.889	-12.542	-10.902	-11.082	-8.701	-8.129	-8.196	-8.078	-4.833	-4.88	-4.878	-4.871	-4.868	-4.867	-4.867	-4.623	-4.379	-4.137	-3.895	-3.645	-3.408	-3.167	-2.922	-2.674	-2.426
