"name"	"country_code"	"2015"	"2020"	"2025"	"2030"	"2035"	"2040"	"2045"	"2050"	"2055"	"2060"	"2065"	"2070"	"2075"	"2080"	"2085"	"2090"	"2095"	"2100"
"WORLD"	900	7383008.82	7865018.659	8367547.932	8875432.903	9364490.721	9847129.01099999	10339587.097	10849107.46	11371996.809	11899382.361	12428951.732	12965645.028	13517141.317	14088280.438	14679150.158	15285550.227	15901239.679	16521244.912
"More developed regions"	901	1253206.546	1279346.659	1306967.021	1334361.176	1357847.958	1379517.411	1402214.227	1428693.818	1459418.437	1493052.379	1528312.86	1565598.565	1606341.724	1652168.255	1703371.799	1759093.175	1817758.926	1877953.363
"Less developed regions"	902	6129802.274	6585672	7060580.911	7541071.727	8006642.763	8467611.59999999	8937372.87	9420413.642	9912578.37200001	10406329.982	10900638.872	11400046.463	11910799.593	12436112.183	12975778.359	13526457.052	14083480.753	14643291.549
"Least developed countries"	941	956631.108	1083361.426	1226796.995	1384347.453	1551500.053	1729174.869	1918659.309	2120088.697	2332506.434	2553812.575	2782402.542	3017320.404	3258070.5	3503918.417	3753663.431	4005868.047	4259298.218	4512933.182
"Less developed regions, excluding least developed countries"	934	5173171.166	5502310.574	5833783.916	6156724.274	6455142.71	6738436.731	7018713.561	7300324.945	7580071.938	7852517.407	8118236.33	8382726.059	8652729.093	8932193.766	9222114.928	9520589.00500001	9824182.535	10130358.367
"Less developed regions, excluding China"	948	4701441.323	5116440.629	5558502.611	6015625.72	6469067.612	6925579.92699999	7394731.575	7879278.808	8374837.69000001	8873319.763	9371851.053	9872598.419	10380167.255	10897045.179	11422351.829	11952930.136	12485335.828	13018283.375
"High-income countries"	1503	1180060.957	1217325.94	1255110.498	1292955.23	1326169.601	1355618.106	1383923.521	1414400.781	1448297.533	1484813.496	1522619.845	1561518.547	1602479.123	1647225.707	1696597.123	1750466.017	1807623.941	1866630.528
"Middle-income countries"	1517	5558263.979	5906415.51	6261430.705	6609256.894	6933357.681	7244794.98	7556404.89	7872153.602	8188009.086	8497699.162	8801655.401	9105961.279	9417983.674	9741736.13	10077771.001	10423413.453	10774736.775	11129137.516
"Upper-middle-income countries"	1502	2588362.98	2694328.014	2788397.59	2870586.646	2937024.063	2993762.34	3046756.597	3098192.523	3147152.026	3192398.504	3235471.738	3280185.732	3330416.356	3388502.033	3455375.862	3530066.907	3610462.407	3693824.665
"Lower-middle-income countries"	1501	2969900.999	3212087.496	3473033.115	3738670.248	3996333.618	4251032.64	4509648.293	4773961.079	5040857.06	5305300.658	5566183.663	5825775.547	6087567.318	6353234.097	6622395.139	6893346.546	7164274.368	7435312.851
"Low-income countries"	1500	641858.608	738254.694	847769.185	969755.958	1101274.696	1242810.524	1395143.469	1558230.154	1731157.072	1912121.896	2099709.79	2292975.365	2491260.782	2693667.64	2898893.75	3105543.965	3312515.552	3518880.105
"Sub-Saharan Africa"	947	969234.251	1115721.477	1282227.475	1468568.641	1671194.569	1891136.08	2129384.719	2385690.537	2658697.526	2945905.804	3245544.128	3556269.333	3876688.748	4205221.611	4539798.125	4878118.324	5218031.526	5557769.15
"AFRICA"	903	1194369.908	1364033.709	1554240.566	1764647.3	1991687.625	2237098.67	2501763.422	2785082.798	3085299.652	3399668.098	3726503.648	4064578.621	4412648.083	4769265.639	5132378.141	5499519.47	5868185.605	6236333.256
"Eastern Africa"	910	399458.026	461375.021	531404.917	609201.369	692776.44	782402.535	878732.386	981852.59	1091080.527	1205175.471	1323195.352	1444818.408	1569756.417	1697560.505	1827469.116	1958584.266	2090306.073	2222052.278
"Burundi"	108	10199.27	12033.345	14076.618	16311.692	18773.137	21548.388	24668.729	28096.738	31767.866	35645.837	39751.712	44123.903	48753.541	53591.082	58561.438	63641.763	68811.932	74071.534
"Comoros"	174	777.424	876.933	985.028	1100.458	1220.429	1346.085	1478.145	1616.429	1759.742	1906.319	2054.792	2205.24	2356.936	2509.392	2661.638	2812.028	2959.823	3104.511
"Djibouti"	262	927.414	1009.115	1094.273	1179.149	1257.292	1328.055	1392.767	1453.762	1512.304	1567.505	1617.2	1660.714	1699.304	1736.098	1773.704	1813.138	1853.072	1892.109
"Eritrea"	232	4846.976	5480.198	6191.203	6974.836	7819.846	8722.212	9669.563	10651.422	11663.742	12700.927	13755.879	14820.903	15887.607	16953.897	18018.335	19075.995	20121.584	21150.897
"Ethiopia"	231	99873.033	113736.616	128947.423	145099.034	161515.34	178123.996	195054.385	212278.55	229583.014	246654.667	263235.953	279203.406	294574.439	309369.421	323631.444	337322.104	350501.152	363216.455
"Kenya"	404	47236.259	53983.709	61450.945	69613.462	78188.019	87132.228	96459.696	106195.604	116251.633	126475.473	136746.212	146986.873	157139.906	167197.288	177139.36	186886.23	196399.792	205657.146
"Madagascar"	450	24234.088	27940.715	32216.644	36976.12	42053.509	47495.396	53393.752	59785.707	66620.395	73803.223	81285.484	89062.441	97123.812	105450.562	113973.687	122626.614	131379.391	140187.275
"Malawi"	454	17573.607	20462.783	23795.023	27589.377	31712.811	36193.615	41047.983	46254.188	51782.318	57573.73	63571.345	69720.923	75978.525	82311.542	88683.297	95043.241	101368.441	107628.672
"Mauritius"	480	1259.456	1285.657	1313.349	1339.617	1357.035	1364.713	1365.787	1366.312	1371.115	1380.054	1390.212	1399.591	1408.412	1418.758	1432.911	1451.414	1473.619	1499.021
"Mayotte"	175	240.02	275.53	314.362	356.992	402.246	449.564	498.402	548.257	598.964	650.355	701.995	753.575	804.802	855.536	905.59	954.598	1002.358	1048.58
"Mozambique"	508	28010.691	32568.713	37859.188	43888.996	50541.05	57812.489	65720.577	74266.988	83462.755	93247.521	103526.418	114233.476	125307.802	136711.308	148367.786	160175.591	172079.851	183947.197
"R~A(c)union"	638	863.363	903.716	947.424	991.249	1031.354	1066.92	1098.19	1126.536	1153.775	1181.124	1209.348	1239.416	1271.756	1306.071	1341.683	1377.529	1412.998	1448.354
"Rwanda"	646	11629.553	13204.972	14870.95	16645.145	18497.053	20409.445	22349.429	24291.967	26225.691	28135.607	29994.761	31791.39	33513.651	35164.933	36745.026	38248.382	39667.983	41007.307
"Seychelles"	690	93.742	96.914	99.408	101.451	103.22	104.926	106.544	107.887	108.969	109.951	111.105	112.651	114.644	117.034	119.695	122.545	125.444	128.345
"Somalia"	706	13908.129	16224.903	19013.526	22222.145	25797.237	29770.668	34207.182	39142.556	44545.163	50353.638	56521.667	63050.569	69939.253	77153.172	84626.885	92292.315	100072.32	107944.79
"South Sudan"	728	11882.136	13719.223	15708.321	17860.349	20125.38	22535.816	25124.058	27910.89	30869.638	33941.949	37085.743	40291.176	43566.847	46907.491	50279.116	53639.073	56963.07	60251.358
"Uganda"	800	40144.87	47574.752	56213.834	66078.843	76960.893	88892.394	101985.154	116273.742	131647.859	147899.368	164894.492	182598.159	200954.694	219825.093	239005.554	258304.255	277586.867	296714.917
"United Republic of Tanzania"	834	53879.957	63305.165	74207.901	86696.514	100637.007	116131.563	133301.399	152183.842	172771.415	194993.567	218757.057	244061.849	270820.214	298918.269	328205.34	358532.333	389698.719	421501.219
"Zambia"	894	16100.587	18837.339	22049.904	25751.077	29845.389	34375.779	39431.744	45062.004	51259.889	57958.568	65151.139	72864.042	81129.522	89931.539	99207.482	108901.939	118980.167	129413.935
"Zimbabwe"	716	15777.451	17854.723	20049.593	22424.863	24938.193	27598.283	30378.9	33239.209	36124.28	38996.088	41832.838	44638.111	47410.75	50132.019	52789.145	55363.179	57847.49	60238.656
"Middle Africa"	911	153742.724	180342.294	210944.111	245609.747	283860.064	325798.083	371383.467	420489.052	472920.006	528308.245	586368.243	646616.11	708667.673	772212.259	836752.191	901873.774	967144.547	1032211.622
"Angola"	24	27859.305	33086.582	39181.4	46193.988	54046.336	62795.804	72479.588	83110.612	94683.054	107164.215	120516.438	134695.126	149641.825	165304.521	181621.646	198485.183	215807.13	233473.951
"Cameroon"	120	22834.522	26176.564	29953.645	34159.228	38724.394	43677.314	49039.205	54796.835	60932.59	67395.257	74140.963	81144.99	88373.403	95800.795	103380.74	111044.508	118728.998	126387.43
"Central African Republic"	140	4546.1	4960.117	5600.47	6341.571	7140.142	7975.406	8849.669	9772.667	10748.579	11765.575	12805.634	13853.385	14898.213	15935.976	16966.971	17987.016	18991.907	19971.129
"Chad"	148	14009.413	16409.803	19134.462	22161.568	25431.66	28958.661	32747.182	36782.382	41043.079	45504.444	50134.283	54892.528	59738.137	64644.892	69577.937	74502.609	79391.515	84211.249
"Congo"	178	4995.648	5734.018	6589.091	7579.941	8691.966	9919.456	11255.366	12704.382	14274.913	15967.521	17780.625	19704.733	21730.363	23849.157	26047.425	28315.354	30632.091	32988.51
"Democratic Republic of the Congo"	180	76196.619	90167.846	106145.848	124270.118	144339.753	166365.919	190252.908	215880.107	243090.147	271645.255	301400.163	332007.349	363237.347	394896.844	426647.276	458304.53	489644.32	520530.194
"Equatorial Guinea"	226	1175.389	1417.215	1668.73	1934.818	2206.438	2498.683	2808.388	3133.654	3474.824	3826.568	4183.57	4542.917	4902.221	5261.138	5618.811	5975.037	6328.921	6678.955
"Gabon"	266	1930.175	2170.269	2422.966	2690.107	2968.12	3260.965	3568.796	3887.865	4212.355	4537.552	4861.815	5186.064	5511.736	5838.314	6164.012	6485.251	6798.466	7102.195
"Sao Tome and Principe"	678	195.553	219.88	247.499	278.408	311.255	345.875	382.365	420.548	460.465	501.858	544.752	589.018	634.428	680.622	727.373	774.286	821.199	868.009
"Northern Africa"	912	225135.657	248312.232	272013.091	296078.659	320493.056	345962.59	372378.703	399392.261	426602.126	453762.294	480959.52	508309.288	535959.335	564044.028	592580.016	621401.146	650154.079	678564.106
"Algeria"	12	39871.528	43747.248	47378.228	50694.472	53764.921	56871.977	60166.056	63561.132	66811.579	69753.835	72416.435	74959.688	77542.077	80255.858	83092.208	85972.588	88803.525	91530.114
"Egypt"	818	93778.172	103899.768	114005.78	124360.893	135230.659	146943.816	159111.074	171369.198	183550.455	195697.731	208010.423	220510.121	233156.472	245888.086	258661.48	271422.686	284071.174	296477.281
"Libya"	434	6234.955	6729.118	7205.615	7648.061	8042.461	8404.823	8742.552	9050.709	9322.071	9553.913	9756.051	9949.928	10153.847	10378.643	10619.275	10864.992	11106.787	11343.323
"Morocco"	504	34803.322	37417.673	40009.886	42488.272	44745.968	46845.897	48854.943	50812.237	52719.337	54524.478	56189.453	57720.368	59170.382	60610.523	62081.378	63584.221	65095.224	66604.26
"Sudan"	729	38647.803	43895.999	50002.978	56773.924	63991.094	71603.262	79617.135	88099.487	97105.701	106599.304	116467.277	126582.676	136863.901	147311.059	157959.798	168804.458	179739.611	190695.478
"Tunisia"	788	11273.661	12019.364	12726.792	13347.041	13871.678	14367.753	14883.216	15416.343	15931.177	16394.657	16807.652	17202.964	17619.018	18076.175	18571.755	19087.528	19603.504	20111.537
"Western Sahara"	732	526.216	603.062	683.812	765.996	846.275	925.062	1003.727	1083.155	1161.806	1238.376	1312.229	1383.543	1453.638	1523.684	1594.122	1664.673	1734.254	1802.113
"Southern Africa"	913	63419.639	68269.146	73188.05	78011.266	82628.842	87207.034	91875.658	96646.673	101457.666	106200.794	110830.841	115367.464	119861.017	124360.445	128851.445	133296.366	137664.271	141948.424
"Botswana"	72	2209.197	2439.896	2679.036	2917.744	3147.243	3372.206	3596.315	3818.39	4033.625	4237.104	4426.851	4606.092	4780.952	4956.158	5131.921	5305.634	5474.648	5638.315
"Lesotho"	426	2174.645	2346.287	2531.354	2726.518	2930.113	3150.611	3389.869	3642.187	3900.559	4157.787	4410.543	4659.417	4905.381	5148.599	5388.834	5625.2	5856.998	6083.179
"Namibia"	516	2425.561	2723.058	3043.558	3382.404	3727.9	4087.135	4465.599	4861.036	5264.66	5666.879	6062.975	6451.806	6835.368	7214.989	7588.621	7954.707	8311.646	8658.581
"South Africa"	710	55291.225	59305.245	63337.008	67241.572	70934.282	74556.38	78225.081	81963.995	85735.284	89456.777	93094.481	96664.739	100207.883	103766.361	107328.305	110861.251	114339.608	117759.27
"Swaziland"	748	1319.011	1454.66	1597.094	1743.028	1889.304	2040.702	2198.794	2361.065	2523.538	2682.247	2835.991	2985.41	3131.433	3274.338	3413.764	3549.574	3681.371	3809.079
"Western Africa"	914	352613.862	405735.016	466690.397	535746.259	611929.223	695728.428	787393.208	886702.222	993239.327	1106221.294	1225149.692	1349467.351	1478403.641	1611088.402	1746725.373	1884363.918	2022916.635	2161556.826
"Benin"	204	10575.952	12220.99	14088.535	16168.464	18413.442	20837.041	23456.125	26279.589	29294.6	32467.609	35781.832	39219.573	42781.182	46450.922	50208.606	54016.85	57842.093	61674.196
"Burkina Faso"	854	18110.624	21069.415	24468.532	28317.642	32537.725	37132.447	42104.561	47443.861	53141.27	59141.35	65407.683	71911.75	78617.419	85482.212	92454.079	99459.372	106463.359	113432.675
"Cabo Verde"	132	532.913	573.407	618.103	664.258	708.124	749.829	790.242	830.016	868.401	904.596	937.764	967.792	995.409	1021.838	1047.904	1074.075	1100.306	1126.46
"C~A'te d'Ivoire"	384	23108.472	26389.177	30207.876	34524.811	39277.539	44532.922	50339.849	56692.401	63551.567	70918.794	78775.624	87101.039	95856.47	105027.351	114568.308	124447.994	134570.385	144890.303
"Gambia"	270	1977.59	2311.842	2687.932	3101.892	3542.38	4006.41	4490.13	4989.718	5502.426	6023.66	6547.222	7067.808	7580.239	8080.829	8566.549	9035.844	9484.931	9913.911
"Ghana"	288	27582.821	31002.811	34710.615	38684.305	42845.248	47223.057	51848.874	56698.465	61716.1	66849.38	72071.291	77376.588	82759.718	88201.234	93663.283	99074.744	104418.872	109690.001
"Guinea"	324	12091.533	13863.228	15933.118	18257.084	20779.559	23509.644	26456.651	29616.494	32967.101	36483.342	40130.436	43885.579	47731.903	51657.252	55636.114	59645.002	63651.865	67643.089
"Guinea-Bissau"	624	1770.526	2017.62	2289.019	2582.147	2893.979	3229.634	3590.786	3975.059	4376.797	4790.981	5216.168	5652.199	6099.962	6555.591	7015.601	7474.371	7929.831	8381.376
"Liberia"	430	4499.621	5146.673	5892.533	6733.062	7646.509	8636.203	9704.97	10853.041	12078.359	13371.557	14724.735	16129.045	17578.66	19067.064	20583.589	22118.501	23660.161	25204.373
"Mali"	466	17467.905	20436.85	23918.01	27933.814	32400.037	37291.788	42575.684	48222.161	54215.018	60503.588	67051.426	73798.899	80675.534	87624.147	94573.154	101466.74	108272.737	114951.824
"Mauritania"	478	4182.341	4821.803	5523.886	6281.837	7084.946	7939.167	8849.287	9815.781	10833.604	11896.118	12995.857	14128.584	15292.965	16488.058	17709.023	18940.12	20175.476	21406.307
"Niger"	562	19896.965	24243.561	29578.217	36005.471	43549.47	52339.011	62475.743	74001.091	86911.909	101154.828	116655.094	133302.359	151059.004	169745.335	189269.925	209494.022	230265.487	251440.978
"Nigeria"	566	181181.744	207718.443	238107.101	272599.168	310756.063	352798.278	398779.893	448534.023	501861.044	558336.784	617760.046	679877.333	744158.563	810121.788	877385.156	945541.82	1013967.071	1082178.408
"Saint Helena"	654	4.034	4.161	4.32	4.481	4.574	4.61	4.623	4.65	4.712	4.792	4.879	4.954	5.028	5.108	5.192	5.278	5.366	5.466
"Senegal"	686	14976.994	17344.209	19983.681	22906.085	26084.622	29549.669	33311.682	37354.876	41650.968	46174.294	50913.087	55865.296	61019.867	66362.419	71861.506	77461.251	83129.241	88831.274
"Sierra Leone"	694	7237.025	8115.554	9067.794	10090.756	11142.649	12223.066	13330.664	14460.714	15602.425	16733.655	17842.481	18921.31	19966.599	20971.998	21936.781	22858.853	23734.954	24567.824
"Togo"	768	7416.802	8455.272	9611.125	10890.982	12262.357	13725.652	15283.444	16930.282	18663.026	20465.966	22334.067	24257.243	26225.119	28225.256	30240.603	32249.081	34244.5	36218.361
"ASIA"	935	4419897.601	4665858.252	4909254.313	5138675.798	5339777.282	5520432.167	5692435.703	5860512.8	6022328.552	6173474.889	6314806.555	6451914.523	6591734.402	6738344.689	6893116.726	7054919.334	7221354.5	7390766.198
"Eastern Asia"	906	1635150.365	1677839.191	1712267.256	1736749.677	1748940.498	1752498.633	1751833.568	1749412.862	1745788.268	1741213.008	1737192.45	1736101.575	1739930.394	1749953.914	1766981.902	1790790.84	1819823.825	1851507.164
"China"	156	1397028.553	1436913.194	1468813.323	1491299.766	1502845.819	1507059.683	1507658.468	1506163.689	1502669.094	1497734.607	1493304.128	1491830.368	1494935.788	1503217.482	1517198.893	1536640.213	1560387.334	1586270.852
"China, Hong Kong SAR"	344	7245.701	7624.792	7961.275	8305.996	8552.172	8722.346	8865.924	9029.895	9237.062	9473.359	9702.006	9903.313	10090.265	10302.701	10575.099	10920.087	11314.361	11726.199
"China, Macao SAR"	446	600.942	658.946	719.053	775.424	823.996	867.716	911.245	957.512	1005.279	1052.67	1098.033	1141.531	1184.561	1229.269	1276.613	1328.57	1386.221	1447.631
"China, Taiwan Province of China"	158	23485.755	24034.439	24584.649	25064.821	25353.164	25381.928	25205.658	24983.738	24829.247	24749.583	24683.652	24572.832	24421.724	24317.552	24375.925	24638.046	25057.009	25563.492
"Dem. People's Republic of Korea"	408	25243.917	26069.709	26952.621	27804.412	28471.701	28965.689	29389.098	29860.402	30407.289	30982.626	31536.496	32077.228	32654.497	33322.327	34086.646	34908.332	35737.774	36554.604
"Japan"	392	127974.958	127363.258	126454.434	125227.917	123593.941	121750.36	120027.934	118774.89	118064.911	117591.261	117112.566	116718.003	116699.604	117399.553	118789.664	120759.695	123114.283	125689.075
"Mongolia"	496	2976.877	3241.238	3483.27	3701.931	3900.888	4100.466	4313.612	4539.421	4762.18	4969.491	5164.299	5359.955	5569.733	5799.997	6045.194	6293.109	6533.603	6764.632
"Republic of Korea"	410	50593.662	51933.615	53298.631	54569.41	55398.817	55650.445	55461.629	55103.315	54813.206	54659.411	54591.27	54498.345	54374.222	54365.033	54633.868	55302.788	56293.24	57490.679
"South-Central Asia"	921	1892013.476	2028823.634	2170079.349	2308486.731	2434912.94	2552440.59	2666812.353	2779260.893	2886860.044	2985948.592	3076384.5	3160875.041	3243097.909	3324807.946	3406214.2	3486747.843	3566203.269	3645830.838
"Central Asia"	5500	68705.005	74561.917	80121.772	85297.303	90229.713	95281.071	100516.844	105720.294	110671.964	115314.892	119791.166	124287.772	128893.842	133601.047	138340.741	143043.729	147672.049	152214.267
"Kazakhstan"	398	17749.648	18953.411	20053.77	21071.512	22067.545	23143.938	24328.627	25570.125	26788.896	27951.846	29092.276	30269.473	31520.264	32847.787	34210.764	35558.286	36852.008	38088.62
"Kyrgyzstan"	417	5865.401	6363.19	6832.971	7275.327	7707.782	8157.23	8622.269	9087.267	9541.659	9981.25	10413.318	10847.006	11287.411	11738.385	12198.901	12661.355	13113.928	13549.38
"Tajikistan"	762	8548.651	9567.51	10606.598	11640.156	12687.48	13806.13	14998.057	16213.615	17413.834	18593.215	19778.582	20988.712	22216.589	23435.567	24634.519	25816.712	26991.909	28155.276
"Turkmenistan"	795	5565.284	6090.746	6584.413	7038.327	7468.7	7913.664	8376.339	8833.229	9260.59	9656.226	10036.313	10423.177	10823.529	11229.811	11630.958	12020.306	12397.984	12771.339
"Uzbekistan"	860	30976.021	33587.06	36044.02	38271.981	40298.206	42260.109	44191.552	46016.058	47666.985	49132.355	50470.677	51759.404	53046.049	54349.497	55665.599	56987.07	58316.22	59649.652
"Southern Asia"	5501	1823308.471	1954261.717	2089957.577	2223189.428	2344683.227	2457159.519	2566295.509	2673540.599	2776188.08	2870633.7	2956593.334	3036587.269	3114204.067	3191206.899	3267873.459	3343704.114	3418531.22	3493616.571
"Afghanistan"	4	33736.494	38363.966	43290.96	48475.534	53683.828	58850.33	63936.167	68911.103	73758.303	78411.318	82785.419	86843.036	90572.845	93978.102	97109.301	99994.855	102666.21	105167.028
"Bangladesh"	50	161200.886	171570.126	182986.21	193968.993	203752.164	212648.168	220998.049	228822.5	236045.545	242569.798	248410.885	253716.966	258672.018	263380.095	267921.548	272340.111	276719.352	281210.377
"Bhutan"	64	787.386	843.974	900.911	954.462	1000.721	1041.442	1079.163	1115.442	1149.598	1179.457	1203.795	1223.344	1240.735	1258.304	1277.326	1297.805	1319.271	1341.612
"India"	356	1309053.98	1396359.917	1486793.737	1575830.544	1655526.354	1727110.084	1795702.447	1863473.307	1928775.524	1988738.729	2042955.452	2093120.515	2142037.69	2191155.617	2240586.861	2289869.004	2338807.225	2388349.733
"Iran (Islamic Republic of)"	364	79360.487	84551.299	89063.374	92693.894	95757.463	98776.747	101803.814	104533.028	106613.233	107872.796	108474.576	108774.857	109100.87	109672.969	110629.223	111958.339	113552.384	115284.385
"Maldives"	462	418.403	463.552	501.453	531.604	557.541	583.174	609.965	636.287	659.034	676.322	688.54	697.535	704.842	711.264	717.456	724.815	734.65	747.014
"Nepal"	524	28656.282	30595.316	32713.801	34774.845	36551.955	38133.857	39654.646	41128.398	42510.768	43729.365	44761.172	45627.741	46355.427	46975.815	47505.751	47974.132	48425.644	48905.395
"Pakistan"	586	189380.513	210239.164	231873.827	253640.492	275151.869	297034.898	319354.295	341650.196	363299.775	383968.105	403712.707	422865.546	441674.285	460074.204	477929.624	495115.031	511618.565	527649.187
"Sri Lanka"	144	20714.04	21274.403	21833.304	22319.06	22701.332	22980.819	23156.963	23270.338	23376.3	23487.81	23600.788	23717.729	23845.355	24000.529	24196.369	24430.022	24687.919	24961.84
"South-Eastern Asia"	920	634609.846	675295.412	717013.249	757578.003	794348.73	828294.538	860710.934	892490.071	923886.306	954333.059	983493.337	1011733.273	1039892.881	1068707.191	1098482.363	1129099.739	1160170.63	1191484.03
"Brunei Darussalam"	96	417.542	448.977	480.272	509.753	535.312	557.203	576.777	595.348	612.768	628.206	641.232	652.444	663.333	675.379	689.128	704.174	719.848	735.722
"Cambodia"	116	15517.635	16845.477	18213.301	19546.126	20808.599	22054.458	23311.724	24568.079	25787.672	26936.778	28015.036	29044.748	30049.311	31046.624	32041.86	33040.441	34034.594	35025.752
"Indonesia"	360	258162.113	274793.318	291504.182	307681.747	322424.189	336009.959	348865.474	361229.153	373256.863	384930.15	396290.977	407576.816	418999.011	430717.957	442742.53	454966.306	467249.796	479568.28
"Lao People's Democratic Republic"	418	6663.967	7237.835	7826.175	8404.695	8941.001	9443.159	9919.206	10367.476	10783.337	11159.118	11493.431	11791.889	12064.466	12321.501	12570.829	12816.856	13058.873	13296.646
"Malaysia"	458	30723.155	33202.889	35849.963	38424.254	40680.333	42661.721	44528.113	46450.351	48449.774	50399.978	52158.09	53668.525	55007.937	56322.619	57726.189	59240.388	60812.579	62378.848
"Myanmar"	104	52403.669	55323.122	58375.949	61399.683	64047.717	66303.822	68270.955	70118.756	71954.663	73764.892	75487.264	77087.718	78618.722	80157.212	81779.619	83517.172	85349.519	87229.979
"Philippines"	608	101716.359	110729.505	120446.236	130478.536	140302.998	150020.797	159739.432	169513.807	179365.835	189136.586	198736.061	208108.27	217285.191	226310.88	235233.327	244086.639	252831.229	261406
"Singapore"	702	5535.262	5984.368	6284.455	6564.571	6793.069	6964.853	7088.081	7182.712	7259.611	7325.015	7377.796	7418.984	7454.311	7495.742	7547.406	7608.117	7670.166	7733.137
"Thailand"	764	68657.6	69995.455	71172.41	72205.528	72859.624	73109.408	73012.863	72708.412	72355.181	72068.215	71901.871	71876.705	72037.567	72393.678	72949.931	73688.096	74593.501	75662.677
"Timor-Leste"	626	1240.977	1391.563	1565.917	1762.353	1971.555	2191.039	2422.092	2666.568	2927.916	3202.488	3485.525	3771.905	4058.677	4345.547	4630.407	4912.49	5189.542	5459.974
"Viet Nam"	704	93571.567	99342.903	105294.389	110600.757	114984.333	118978.119	122976.217	127089.409	131132.686	134781.633	137906.054	140735.269	143654.355	146920.052	150571.137	154519.06	158660.983	162987.015
"Western Asia"	922	258123.914	283900.015	309894.459	335861.387	361575.114	387198.406	413078.848	439348.974	465793.934	491980.23	517736.268	543204.634	568813.218	594875.638	621438.261	648280.912	675156.776	701944.166
"Armenia"	51	2916.95	2967.757	3004.522	3022.899	3024.493	3022.91	3023.26	3022.986	3019.125	3009.836	2997.032	2985.514	2979.009	2979.632	2988.196	3005.267	3030.026	3060.923
"Azerbaijan"	31	9617.484	10197.997	10681.281	11084.847	11441.858	11779.664	12091.134	12367.703	12612.516	12840.513	13066.852	13301.814	13553.818	13828.806	14133.053	14467.803	14824.558	15189.815
"Bahrain"	48	1371.855	1711.341	1899.605	2081.843	2223.852	2341.33	2446.322	2545.535	2642.054	2735.783	2823.367	2902.227	2971.734	3032.55	3085.776	3131.756	3171.87	3209.317
"Cyprus"	196	1160.985	1219.03	1276.57	1332.738	1384.674	1433.646	1480.692	1527.15	1572.134	1614.747	1654.233	1690.861	1726.233	1762.374	1800.919	1842.039	1885.771	1931.824
"Georgia"	268	3951.524	3930.414	3907.257	3879.913	3848.229	3822.653	3806.5	3796.333	3790.755	3789.557	3796.235	3815.96	3851.198	3901.352	3963.6	4034.701	4111.839	4191.672
"Iraq"	368	36115.649	41861.535	48216.568	55255.506	62889.947	71227.422	80320.694	90154.949	100677.265	111812.796	123594.753	135998.884	149024.451	162601.009	176637.349	191033.964	205689.479	220534.065
"Israel"	376	8064.547	8783.8	9536.361	10326.406	11139.044	11982.666	12863.702	13779.34	14721.332	15675.823	16635.308	17604.875	18590.609	19600.007	20627.772	21661.712	22692.476	23710.017
"Jordan"	400	9159.302	10301.741	10861.661	11577.805	12514.003	13599.322	14688.313	15773.534	16839.121	17875.114	18876.504	19855.491	20820.671	21775.014	22713.521	23624.091	24498.944	25335.437
"Kuwait"	414	3935.794	4343.962	4707.207	5056.527	5375.789	5678.345	5965.58	6233.457	6488.818	6735.053	6983.423	7245.436	7525.664	7820.632	8122.112	8424.377	8725.214	9024.66
"Lebanon"	422	5851.479	6086.313	5774.975	5647.188	5705.603	5846.599	5963.331	6092.75	6242.731	6387.841	6495.85	6558.671	6593.72	6631.472	6691.845	6778.67	6884.309	7002.883
"Oman"	512	4199.81	5189.06	5677.315	6083.771	6396.851	6701.81	7015.666	7354.114	7674.677	7955.335	8188.899	8384.832	8558.353	8719.919	8872.416	9016.646	9157.833	9302.174
"Qatar"	634	2481.539	2809.127	3075.683	3317.862	3528.052	3705.421	3880.075	4053.378	4220.705	4377.924	4522.539	4655.454	4778.274	4892.097	4997.586	5097.614	5196.884	5298.907
"Saudi Arabia"	682	31557.144	35024.289	38118.517	40938.587	43403.225	45525.964	47557.255	49558.238	51445.041	53108.148	54519.028	55782.291	57049.302	58420.578	59900.663	61416.445	62893.403	64290.586
"State of Palestine"	275	4662.884	5371.519	6160.506	7001.855	7870.913	8780.186	9742.591	10757.06	11810.131	12882.333	13964.002	15050.702	16144.292	17241.997	18338.951	19428.976	20503.654	21557.554
"Syrian Arab Republic"	760	18734.987	19091.322	23897.799	27592.843	30434.437	32981.138	35427.395	37763.56	40025.014	42231.958	44365.611	46392.899	48298.391	50088.83	51776.527	53375.682	54896.721	56373.146
"Turkey"	792	78271.472	84617.212	88169.126	92028.445	96101.262	99810.868	103237.256	106505.995	109664.57	112588.889	115186.885	117491.213	119671.311	121894.081	124255.754	126721.116	129242.485	131796.686
"United Arab Emirates"	784	9154.302	9876.127	10601.984	11362.137	12106.125	12846.715	13565.937	14250.232	14903.908	15533.015	16144.068	16741.2	17328.348	17904.681	18469.548	19024.052	19573.257	20122.335
"Yemen"	887	26916.207	30517.469	34327.522	38270.215	42186.757	46111.747	50003.145	53812.66	57444.037	60825.565	63921.679	66746.31	69347.84	71780.607	74062.673	76196.001	78178.053	80012.165
"EUROPE"	908	740813.959	749314.044	757371.906	764686.846	769878.741	774680.745	780556.456	788325.026	797765.476	808160.526	819352.61	832192.667	847827.275	867016.312	889696.789	915035.628	941861.805	969328.883
"Eastern Europe"	923	293243.708	293272.935	292876.089	291446.565	288987.961	286915.803	286170.422	286855.223	288443.03	290219.499	291956.389	294256.781	297961.729	303535.437	310810.415	319110.721	327756.71	336431.781
"Belarus"	112	9485.772	9496.506	9508.964	9489.311	9443.163	9416.345	9437.894	9508.825	9609.088	9716.196	9827.535	9961.636	10142.59	10380.457	10668.088	10986.002	11315.268	11648.411
"Bulgaria"	100	7177.396	6991.663	6819.425	6638.751	6442.967	6261.344	6112.119	5996.908	5908.389	5833.217	5766.9	5721.553	5713.045	5748.366	5823.862	5926.159	6037.831	6149.258
"Czechia"	203	10603.762	10718.841	10822.032	10876.31	10877.062	10885.781	10937.622	11034.599	11154.185	11261.211	11343.062	11430.985	11572.431	11792.879	12086.967	12428.6	12790.537	13155.132
"Hungary"	348	9783.925	9699.003	9633.798	9566.698	9464.993	9346.544	9238.793	9166.952	9137.819	9134.081	9137.297	9146.835	9179.225	9248.038	9357.866	9504.736	9678.634	9864.97
"Poland"	616	38265.226	38275.229	38182.203	37948.424	37505.202	36950.564	36380.266	35875.747	35455.833	35060.727	34614.302	34128.284	33693.249	33421.392	33372.844	33533.298	33839.523	34227.566
"Republic of Moldova"	498	4065.98	4058.141	4040.212	4001.087	3932.412	3850.359	3770.744	3699.76	3634.67	3567.709	3494.191	3419.98	3357.018	3318.211	3307.264	3318.876	3343.998	3374.84
"Romania"	642	19876.621	19539.296	19300.98	19097.793	18858.25	18605.108	18362.944	18168.184	18033.954	17935.68	17860.913	17829.817	17871.178	17997.779	18211.457	18492.463	18818.206	19163.031
"Russian Federation"	643	143888.004	145048.066	145672.578	145584.02	145001.218	144840.329	145674.293	147435.758	149679.212	151974.345	154263.726	156964.374	160543.289	165191.421	170708.079	176624.028	182549.669	188380.273
"Slovakia"	703	5439.318	5499.277	5555.847	5583.799	5568.971	5533.776	5502.403	5489.627	5494.655	5502.329	5499.774	5491.979	5497.496	5534.329	5608.685	5711.966	5829.692	5950.175
"Ukraine"	804	44657.704	43946.913	43340.05	42660.372	41893.723	41225.653	40753.344	40478.863	40335.225	40234.004	40148.689	40161.338	40392.208	40902.565	41665.303	42584.593	43553.352	44518.125
"Northern Europe"	924	103097.292	106702.522	110582.569	114433.768	117971.799	121454.006	125149.123	129216.711	133552.424	137990.237	142511.269	147222.153	152228.747	157585.011	163293.036	169311.056	175566.328	181966.846
"Channel Islands"	830	163.758	168.858	174.384	180.002	185.063	189.54	193.645	197.837	202.239	206.94	211.849	216.959	222.371	228.24	234.626	241.449	248.502	255.618
"Denmark"	208	5688.695	5840.136	6029.907	6235.872	6423.18	6592.036	6757.947	6946.101	7167.187	7414.929	7678.504	7948.869	8225.625	8513.786	8817.181	9135.327	9468.257	9810.71
"Estonia"	233	1315.321	1311.042	1305.757	1295.925	1283.187	1272.949	1266.525	1263.156	1261.903	1261.235	1260.592	1261.82	1267.552	1279.758	1298.725	1323.285	1351.268	1380.16
"Faeroe Islands"	234	48.965	50.222	51.822	53.734	55.653	57.373	58.933	60.462	62.175	64.139	66.311	68.6	70.959	73.353	75.811	78.318	80.844	83.397
"Finland"	246	5481.966	5622.151	5778.114	5930.187	6057.543	6171.175	6293.544	6444.922	6626.569	6829.496	7044.028	7265.25	7494.084	7735.592	7994.723	8269.406	8555.636	8850.459
"Iceland"	352	330.243	346.098	362.692	378.903	393.273	406.054	417.943	429.74	441.865	454.331	466.812	479.015	491.149	503.509	516.447	530.089	544.437	559.265
"Ireland"	372	4700.107	4928.639	5164.626	5394.999	5628.982	5874.714	6124.814	6369.161	6600.837	6823.314	7046.816	7283.31	7544.433	7834.738	8149.385	8476.9	8805.688	9130.909
"Isle of Man"	833	83.167	86.516	90.066	93.704	97.16	100.361	103.508	106.687	110.167	113.859	117.651	121.516	125.535	129.837	134.413	139.211	144.1	149.059
"Latvia"	428	1992.663	1908.371	1849.545	1807.162	1763.401	1727.175	1700.454	1681.247	1668.179	1658.903	1652.724	1651.588	1658.775	1676.091	1703.012	1736.521	1772.462	1807.774
"Lithuania"	440	2931.926	2875.425	2846.175	2815.803	2772.685	2726.569	2690.079	2670.472	2667.672	2674.202	2683.279	2695.597	2717.477	2754.301	2806.293	2869.014	2936.825	3005.562
"Norway"	578	5199.836	5493.325	5823.553	6167.689	6495.435	6807.843	7121.336	7456.148	7810.002	8174.301	8541.675	8912.674	9292.776	9684.908	10090.57	10509.738	10939.212	11374.227
"Sweden"	752	9763.565	10201.308	10645.063	11080.202	11466.366	11847.241	12268.434	12752.95	13280.706	13823.614	14369.622	14930.598	15522.115	16148.048	16807.903	17505.004	18242.671	19004.422
"United Kingdom"	826	65397.08	67870.431	70460.865	72999.586	75349.871	77680.976	80151.961	82837.828	85652.923	88490.974	91371.406	94386.357	97595.896	101022.85	104663.947	108496.794	112476.426	116555.284
"Southern Europe"	925	152440.653	152677.077	153029.106	153573.316	153859.73	153924.591	153778.683	153482.393	153120.579	152805.406	152692.311	153022.717	154062.623	155963.667	158633.576	161831.518	165326.332	168973.008
"Albania"	8	2923.352	2966.792	3010.85	3043.672	3048.263	3027.425	2995.041	2964.105	2940.041	2918.37	2893.374	2863.546	2833.291	2809.55	2795.497	2791.087	2795.534	2809.693
"Andorra"	20	78.014	77.816	79.252	80.625	81.939	83.116	83.897	84.143	83.885	83.352	82.846	82.68	83.015	83.937	85.338	87.095	89.035	91.052
"Bosnia and Herzegovina"	70	3535.961	3527.308	3530.301	3530.754	3509.143	3467.869	3421.137	3385.915	3369.149	3363.591	3357.393	3347.325	3339.675	3344.554	3367.379	3406.68	3457.299	3514.121
"Croatia"	191	4236.016	4148.352	4083.017	4031.096	3977.662	3921.087	3868.172	3825.317	3795.16	3774.194	3758.035	3746.143	3743.006	3754.605	3783.118	3826.653	3880.507	3939.977
"Gibraltar"	292	34.228	35.259	36.178	37.075	37.919	38.758	39.682	40.685	41.759	42.844	43.94	45.064	46.306	47.681	49.183	50.776	52.427	54.11
"Greece"	300	11217.8	11186.816	11151.66	11135.746	11118.791	11090.493	11033.615	10944.247	10837.011	10728.52	10636.41	10574.61	10560.969	10602.152	10697.277	10835.112	10999.041	11182.553
"Holy See"	336	0.803	0.805	0.809	0.814	0.822	0.838	0.852	0.872	0.883	0.897	0.907	0.933	0.941	0.943	0.973	0.98	0.997	1.007
"Italy"	380	59504.212	59536.794	59635.765	59862.587	60024.708	60120.266	60143.882	60127.14	60114.845	60178.883	60414.154	60919.793	61754.051	62906.679	64301.195	65867.12	67550.572	69307.957
"Malta"	470	427.616	437.986	448.267	455.712	458.448	458.743	458.974	461.226	465.905	471.705	476.904	480.702	483.85	488.074	494.642	503.839	515.038	527.235
"Montenegro"	499	628.178	634.674	641.508	647.82	651.391	652.398	652.227	652.945	655.569	659.358	663.023	666.121	669.465	674.18	680.861	689.46	699.379	710.323
"Portugal"	620	10418.473	10296.633	10240.929	10206.931	10159.036	10088.999	9992.233	9881.113	9770.021	9671.483	9590.967	9536.623	9520.359	9552.288	9629.521	9740.85	9875.987	10031.434
"San Marino"	674	32.96	34.083	35.026	35.884	36.566	37.084	37.507	37.919	38.39	38.948	39.53	40.123	40.768	41.527	42.47	43.591	44.826	46.139
"Serbia"	688	8851.28	8774.671	8719.663	8660.497	8569.521	8458.057	8353.276	8284.729	8258.868	8255.171	8255.035	8256.986	8273.977	8321.11	8406.004	8522.427	8657.846	8802.803
"Slovenia"	705	2074.788	2097.861	2114.55	2123.295	2123.926	2122.247	2122.005	2125.04	2130.675	2137.364	2145.233	2157.866	2180.34	2216.529	2266.884	2327.943	2394.632	2463.11
"Spain"	724	46397.664	46814.468	47166.068	47565.175	47901.223	48202.856	48429.607	48522.247	48468.461	48324.115	48174.315	48142.794	48366.984	48940.652	49828.539	50897.359	52031.202	53166.129
"TFYR Macedonia"	807	2079.308	2106.759	2135.263	2155.633	2160.372	2154.355	2146.576	2144.75	2149.957	2156.611	2160.245	2161.408	2165.626	2179.206	2204.695	2240.546	2282.01	2325.365
"Western Europe"	926	192032.306	196661.51	200884.142	205233.197	209059.251	212386.345	215458.228	218770.699	222649.443	227145.384	232192.641	237691.016	243574.176	249932.197	256959.762	264782.333	273212.435	281957.248
"Austria"	40	8678.657	8852.441	9058.33	9254.697	9400.362	9511.887	9614.336	9727.163	9854.272	9994.832	10149.183	10316.947	10499.201	10704.243	10945.99	11232.764	11555.977	11897.835
"Belgium"	56	11287.94	11710.35	12052.346	12407.911	12737.789	13050.997	13364.393	13700.757	14068.126	14461.8	14875.423	15310.793	15776.9	16283.94	16839.483	17438.165	18066.776	18711.694
"France"	250	64457.201	66201.111	68087.723	70108.252	72067.894	73904.095	75661.653	77523.035	79616.918	81922.425	84411.493	87083.54	89973.027	93118.515	96511.462	100131.756	103902.93	107770.527
"Germany"	276	81707.789	83158.148	84058.186	84962.682	85611.491	86062.508	86401.963	86798.2	87403.293	88306.518	89493.101	90870.152	92328.184	93885.82	95694.636	97888.801	100405.823	103076.144
"Liechtenstein"	438	37.403	38.931	40.608	42.289	43.74	44.941	46.002	47.128	48.393	49.803	51.302	52.889	54.576	56.433	58.458	60.602	62.816	65.049
"Luxembourg"	442	566.741	609.183	655.613	699.739	743.475	786.186	828.482	872.232	917.701	964.745	1012.877	1061.564	1110.627	1160.642	1212.894	1267.589	1323.999	1381.16
"Monaco"	492	38.307	39.528	40.918	42.527	44.199	45.813	47.467	49.397	51.631	54.137	56.867	59.799	62.862	66.059	69.382	72.823	76.348	79.893
"Netherlands"	528	16938.499	17310.231	17751.62	18189.705	18543.13	18802.164	19010.48	19246.136	19548.657	19912.016	20320.443	20763.033	21239.176	21755.462	22325.179	22949.056	23612.691	24297.438
"Switzerland"	756	8319.769	8741.587	9138.798	9525.395	9867.171	10177.754	10483.452	10806.651	11140.452	11479.108	11821.952	12172.299	12529.623	12901.083	13302.278	13740.777	14205.075	14677.508
"LATIN AMERICA AND THE CARIBBEAN"	904	632380.831	670887.37	710066.447	748203.222	782676.583	814395.442	844396.558	873384.738	901365.889	927663.541	951851.933	974208.05	995586.836	1016911.747	1038631.068	1060898.288	1083756.916	1107189.954
"Caribbean"	915	43309.611	45083.657	46933.512	48741.74	50297.103	51656.604	52889.353	54038.172	55128.097	56127.561	57027.951	57889.545	58775.972	59734.471	60749.596	61807.853	62907.847	64040.479
"Anguilla"	660	14.611	15.427	16.006	16.495	16.86	17.121	17.33	17.498	17.662	17.819	17.976	18.131	18.313	18.537	18.823	19.153	19.505	19.87
"Antigua and Barbuda"	28	99.923	106.114	112.738	119.322	125.244	130.524	135.352	140.021	144.654	149.266	153.894	158.626	163.482	168.455	173.519	178.663	183.871	189.171
"Aruba"	533	104.341	107.232	110.262	113.293	115.566	116.869	117.502	118.199	119.634	121.884	124.631	127.523	130.396	133.333	136.455	139.81	143.363	147.005
"Bahamas"	44	386.838	410.774	434.989	457.843	477.394	494.494	510.817	527.488	544.447	561.227	577.268	592.55	607.581	623.083	639.488	656.875	675.01	693.483
"Barbados"	52	284.217	289.888	295.473	300.355	303.775	306.12	308.219	310.962	314.881	319.93	325.86	332.523	340.033	348.53	357.985	368.192	378.872	389.855
"British Virgin Islands"	92	30.113	32.916	34.858	36.588	38.03	39.24	40.343	41.445	42.527	43.56	44.508	45.448	46.425	47.514	48.696	49.964	51.273	52.596
"Caribbean Netherlands"	535	24.57	26.421	27.714	28.918	29.979	30.939	31.895	32.893	33.938	35.003	36.12	37.293	38.548	39.906	41.349	42.873	44.429	45.995
"Cayman Islands"	136	59.963	64.399	68.961	73.539	77.875	81.939	85.777	89.608	93.576	97.849	102.467	107.399	112.534	117.805	123.187	128.624	134.098	139.553
"Cuba"	192	11461.432	11584.104	11736.546	11877.58	11944	11957.973	11946.362	11922.618	11884.977	11832.414	11773.881	11752.271	11792.105	11899.66	12044.415	12214.948	12418.404	12648.31
"Cura~ASSao"	531	158.01	164.724	171.47	177.909	183.571	188.71	193.845	199.443	205.506	211.961	218.733	225.84	233.307	241.09	249.051	257.074	265.089	273.153
"Dominica"	212	73.162	75.787	78.52	80.779	82.269	83.396	84.523	85.737	86.86	87.703	88.23	88.598	89.066	89.634	90.256	91.02	91.931	93.073
"Dominican Republic"	214	10528.394	11217.604	11920.846	12616.323	13258.263	13868.921	14449.053	15002.246	15532.95	16036.959	16514.359	16969.327	17408.66	17838.406	18259.348	18671.872	19076.586	19475.101
"Grenada"	308	106.823	110.48	114.115	116.974	119.153	120.964	122.653	124.112	125.142	125.52	125.331	124.849	124.371	124.115	124.103	124.315	124.67	125.123
"Guadeloupe"	312	450.418	451.573	455.625	463.013	469.012	471.703	471.352	469.789	469.271	470.941	474.623	479.872	486.313	494.133	503.039	512.612	522.145	531.921
"Haiti"	332	10711.061	11479.682	12277.275	13072.139	13811.043	14499.747	15154.103	15775.981	16371.13	16920.042	17414.251	17861.491	18280.757	18692.478	19104.67	19515.731	19920.4	20315.837
"Jamaica"	388	2871.934	2942.459	3008.486	3058.975	3083.378	3083.762	3071.812	3054.624	3035.716	3009.834	2971.705	2924.343	2873.84	2826.518	2785.518	2751.896	2725.5	2705.903
"Martinique"	474	385.842	388.237	391.508	394.503	396.506	396.959	395.19	391.995	389.342	388.323	389.342	392.528	397.56	404.097	411.692	419.992	428.961	437.913
"Montserrat"	500	5.124	5.283	5.441	5.592	5.715	5.82	5.91	6.002	6.089	6.182	6.281	6.396	6.524	6.664	6.813	6.985	7.157	7.351
"Puerto Rico"	630	3673.728	3683.366	3706.323	3734.515	3740.901	3726.611	3698.998	3667.235	3638.679	3610.208	3577.509	3540.683	3504.288	3474.044	3454.253	3445.6	3447.431	3460.261
"Saint Kitts and Nevis"	659	54.288	57.376	60.354	63.122	65.472	67.464	69.219	70.873	72.468	73.974	75.355	76.646	77.969	79.454	81.105	82.903	84.747	86.61
"Saint Lucia"	662	177.206	183.033	189.006	194.413	198.341	200.943	202.745	204.229	205.534	206.45	206.806	206.677	206.351	206.142	206.312	206.987	208.219	210.077
"Saint Vincent and the Grenadines"	670	109.455	111.834	114.396	116.878	118.985	120.9	122.391	123.615	124.696	125.58	126.274	126.808	127.345	127.995	128.777	129.687	130.683	131.765
"Sint Maarten (Dutch part)"	534	38.75	41.741	44.833	47.825	50.469	52.888	55.303	57.868	60.574	63.363	66.218	69.186	72.32	75.665	79.158	82.723	86.314	89.959
"Trinidad and Tobago"	780	1360.092	1390.311	1411.863	1426.425	1435.12	1441.308	1446.654	1451.116	1454.546	1457.187	1460.43	1466.681	1477.658	1494.335	1515.927	1540.915	1567.995	1596.596
"Turks and Caicos Islands"	796	34.339	37.274	40.182	43.08	45.86	48.454	50.841	53.098	55.239	57.387	59.594	61.867	64.233	66.687	69.192	71.695	74.173	76.611
"United States Virgin Islands"	850	104.977	105.618	105.722	105.342	104.322	102.835	101.164	99.477	98.059	96.995	96.305	95.989	95.993	96.191	96.465	96.744	97.021	97.387
"Central America"	916	172635.109	185951.279	199658.289	213185.945	225699.043	237455.532	248742.594	259695.173	270241.953	280113.168	289166.678	297476.473	305306.932	312939.502	320439.202	327832.399	335178.632	342556.095
"Belize"	84	359.288	402.229	448.024	494.066	538.161	580.883	623.439	666.449	709.087	750.372	789.591	826.984	863.196	898.826	934.233	969.379	1004.208	1038.63
"Costa Rica"	188	4807.852	5092.466	5372.326	5635.997	5865.789	6069.817	6255.813	6428.673	6590.712	6738.838	6872.391	6992.919	7104.556	7213.202	7326.457	7449.941	7585.931	7734.282
"El Salvador"	222	6312.478	6549.365	6824.38	7106.525	7344.839	7566.83	7771.281	7968.947	8162.128	8339.354	8490.803	8618.017	8727.522	8824.738	8912.518	8996.239	9082.412	9176.891
"Guatemala"	320	16252.429	18088.85	20065.372	22118.145	24144.777	26157.403	28175.296	30208.769	32243.683	34249.992	36186.676	38035.726	39795.688	41482.227	43102.19	44664.785	46177.617	47649.92
"Honduras"	340	8960.829	9819.479	10727.174	11643.574	12509.652	13331.375	14125.735	14896.358	15641.527	16348.713	17007.229	17609.888	18166.106	18688.816	19189.248	19673.407	20146.239	20612.875
"Mexico"	484	125890.949	135186.605	144612.282	153755.233	162090.607	169803.06	177125.205	184159.897	190852.281	197002.53	202538.111	207553.591	212283.163	216953.799	221592.403	226194.104	230795.081	235452.292
"Nicaragua"	558	6082.035	6483.773	6907.613	7356.97	7769.816	8155.851	8521.068	8868.059	9196.673	9498.888	9768.088	10003.403	10211.012	10401.554	10584.113	10765.021	10947.645	11134.089
"Panama"	591	3969.249	4328.512	4701.118	5075.435	5435.402	5790.313	6144.757	6498.021	6845.862	7184.481	7513.789	7835.945	8155.689	8476.34	8798.04	9119.523	9439.499	9757.116
"South America"	931	416436.111	439852.434	463474.646	486275.537	506680.437	525283.306	542764.611	559651.393	575995.839	591422.812	605657.304	618842.032	631503.932	644237.774	657442.27	671258.036	685670.437	700593.38
"Argentina"	32	43417.765	45918.429	48555.173	51250.154	53853.371	56418.738	58988.638	61595.559	64236.524	66864.415	69425.882	71903.819	74342.227	76797.479	79303.557	81852.821	84427.142	87009.534
"Bolivia (Plurinational State of)"	68	10724.705	11651.439	12651.69	13693.849	14722.85	15740.214	16759.334	17786.599	18813.413	19823.095	20799.715	21741.971	22658.524	23558.572	24446.206	25319.413	26175.252	27012.458
"Brazil"	76	205962.108	215956.802	225751.122	234825.707	242508.122	249121.713	255033.562	260581.395	265782.624	270420.638	274369.79	277743.612	280868.573	284124.703	287739.479	291821.976	296376.607	301360.246
"Chile"	152	17762.681	18639.378	19531.826	20395.3	21140.662	21802.926	22414.101	23001.729	23576.719	24128.283	24647.926	25139.602	25629.01	26136.101	26673.52	27251.167	27868.828	28523.165
"Colombia"	170	48228.697	50709.978	53122.925	55359.941	57229.972	58792.318	60147.079	61370.042	62510.913	63563.312	64513.874	65382.876	66218.598	67074.317	68010.516	69042.532	70161.028	71358.331
"Ecuador"	218	16144.368	17501.015	18919.786	20352.995	21733.024	23075.763	24399.098	25706.432	26990.255	28233.174	29422.194	30561.172	31661.024	32734.968	33787.343	34825.191	35853.496	36872.413
"Falkland Islands (Malvinas)"	238	2.898	2.946	2.986	3.019	3.041	3.066	3.087	3.124	3.166	3.214	3.268	3.329	3.391	3.472	3.554	3.655	3.76	3.866
"French Guiana"	254	268.691	306.53	347.857	393.064	440.78	490.437	541.478	594.03	648.288	704.482	762.445	821.654	881.761	942.634	1004.221	1066.159	1128.134	1189.906
"Guyana"	328	768.514	798.509	830.706	860.622	884.996	904.493	921.341	936.495	950.918	964.033	975.583	985.741	994.628	1002.965	1011.519	1020.903	1031.112	1041.749
"Paraguay"	600	6639.119	7136.623	7660.875	8182.357	8668.095	9124.844	9568.003	10006.885	10439.179	10851.519	11232.007	11580.412	11906.382	12220.78	12534.242	12852.568	13174.818	13497.523
"Peru"	604	31376.671	33627.774	35963.313	38297.306	40473.459	42533.831	44521.124	46453.098	48321.44	50098.699	51760.295	53315.567	54800.76	56250.883	57695.995	59136.018	60574.919	62001.377
"Suriname"	740	553.208	583.065	613.091	641.706	666.634	688.534	708.554	727.684	746.791	765.7	783.997	801.654	819.037	836.808	855.176	874.249	893.776	913.455
"Uruguay"	858	3431.552	3524.388	3627.063	3732.046	3826.625	3913.945	3999.687	4088.632	4181.842	4275.465	4365.713	4452.62	4539.677	4631.03	4728.411	4830.185	4936.883	5048.091
"Venezuela (Bolivarian Republic of)"	862	31155.134	33495.558	35896.233	38287.471	40528.806	42672.484	44759.525	46799.689	48793.767	50726.783	52594.615	54408.003	56180.34	57923.062	59648.531	61361.199	63064.682	64761.266
"NORTHERN AMERICA"	905	356003.541	372183.705	390581.813	409803.731	427747.326	444510.848	461060.131	478916.504	498714.249	520175.247	542455.063	565017.182	587832.319	611402.261	636088.918	661966.928	688850.25	716368.241
"Bermuda"	60	62.003	61.071	61.167	61.249	61.035	60.497	59.689	58.922	58.443	58.368	58.619	59.061	59.584	60.196	60.932	61.823	62.868	64
"Canada"	124	35949.709	37912.016	39983.049	42048.792	43936.138	45695.673	47432.969	49260.555	51196.16	53247.445	55378.547	57548.754	59740.858	61994.218	64341.717	66797.162	69346.186	71963.108
"Greenland"	304	56.377	57.274	58.53	59.476	59.939	60.074	60.135	60.344	60.871	61.649	62.528	63.42	64.33	65.356	66.552	67.908	69.35	70.823
"Saint Pierre and Miquelon"	666	6.29	6.464	6.805	7.141	7.442	7.705	7.935	8.156	8.389	8.616	8.855	9.075	9.295	9.531	9.779	10.047	10.316	10.585
"United States of America"	840	319929.162	334146.88	350472.262	367627.073	383682.772	398686.899	413499.403	429528.527	447390.386	466799.169	486946.514	507336.872	527958.252	549272.96	571609.938	595029.988	619361.53	644259.725
"OCEANIA"	909	39542.98	42741.579	46032.887	49416.006	52723.164	56011.139	59374.827	62885.594	66522.991	70240.06	73981.923	77733.985	81512.402	85339.79	89238.516	93210.579	97230.603	101258.38
"Australia/New Zealand"	927	28414.088	30485.652	32558.868	34642.682	36627.95	38575.458	40569.706	42677.398	44873.801	47125.345	49392.621	51670.713	53982.526	56350.129	58796.428	61330.924	63932.588	66567.164
"Australia"	36	23799.556	25612.182	27422.862	29243.845	30989.321	32716.411	34497.609	36387.868	38358.108	40375.698	42402.581	44434.244	46493.825	48605.343	50793.256	53062.603	55389.172	57740.23
"New Zealand"	554	4614.532	4873.47	5136.006	5398.837	5638.629	5859.047	6072.097	6289.53	6515.693	6749.647	6990.04	7236.469	7488.701	7744.786	8003.172	8268.321	8543.416	8826.934
"Melanesia"	928	9933.15	11002.951	12161.493	13391.716	14644.662	15920.807	17230.116	18574.867	19955.248	21357.255	22766.942	24176.389	25579.553	26976.54	28366.09	29740.52	31095.631	32425.632
"Fiji"	242	892.149	933.423	972.572	1009.74	1042.781	1072.748	1100.694	1127.154	1153.169	1178.71	1203.665	1228.333	1253.306	1278.912	1305.482	1332.484	1359.632	1386.778
"New Caledonia"	540	269.091	289.399	310.988	333.239	354.791	375.589	396.032	416.679	437.565	458.67	479.732	500.608	521.276	541.808	562.304	582.908	603.704	624.628
"Papua New Guinea"	598	7919.825	8830.645	9822.727	10879.44	11958.926	13061.185	14194.877	15361.641	16560.325	17777.98	19001.758	20224.514	21440.26	22649.318	23850.796	25038.073	26207.608	27354.42
"Solomon Islands"	90	587.482	652.866	724.06	801.558	882.818	967.149	1054.067	1143.063	1234.738	1328.558	1424.305	1521.143	1618.465	1715.516	1811.584	1906.268	1999.54	2091.112
"Vanuatu"	548	264.603	296.618	331.146	367.739	405.346	444.136	484.446	526.33	569.451	613.337	657.482	701.791	746.246	790.986	835.924	880.787	925.147	968.694
"Micronesia"	954	518.995	545.789	576.96	611.365	643.83	673.76	701.843	729.479	758.459	788.786	819.528	849.849	879.584	909.113	938.703	968.174	997.433	1026.55
"Guam"	316	161.797	170.193	179.161	188.056	195.902	202.685	208.711	214.473	220.471	226.61	232.67	238.502	244.145	249.747	255.405	261.12	266.89	272.72
"Kiribati"	296	112.407	123.515	135.183	146.832	158.123	169.889	182.756	196.613	211.155	225.766	240.172	254.703	269.915	285.996	302.542	318.936	334.89	350.514
"Marshall Islands"	584	52.994	53.602	54.607	57.404	61.501	66.117	70.149	73.077	75.495	78.51	82.67	87.62	92.425	96.37	99.459	102.182	105.07	108.234
"Micronesia (Fed. States of)"	583	104.433	108.766	115.022	122.476	128.929	134.136	138.727	143.602	149.186	154.771	159.391	162.617	164.892	167.129	169.92	173.189	176.462	179.298
"Nauru"	520	11.26	11.321	11.571	11.881	12.141	12.328	12.472	12.6	12.734	12.878	13.04	13.197	13.374	13.578	13.818	14.091	14.377	14.674
"Northern Mariana Islands"	580	54.816	55.745	57.218	58.926	60.036	60.208	59.543	58.5	57.588	57.144	57.257	57.775	58.398	58.846	58.974	58.878	58.822	59.014
"Palau"	585	21.288	22.647	24.198	25.79	27.198	28.397	29.485	30.614	31.83	33.107	34.328	35.435	36.435	37.447	38.585	39.778	40.922	42.096
"Polynesia"	957	676.747	707.187	735.566	770.243	806.722	841.114	873.162	903.85	935.483	968.674	1002.832	1037.034	1070.739	1104.008	1137.295	1170.961	1204.951	1239.034
"American Samoa"	16	55.537	56.289	57.703	59.48	61.215	62.356	63.147	63.914	64.881	65.965	66.951	67.766	68.429	69.023	69.627	70.244	70.819	71.347
"Cook Islands"	184	17.449	17.688	18.152	18.625	18.988	19.296	19.652	20.092	20.622	21.096	21.493	21.862	22.25	22.672	23.102	23.519	23.917	24.349
"French Polynesia"	258	277.69	293.421	304.435	319.003	331.817	343.047	353.168	362.739	372.034	380.983	389.449	397.438	405.266	413.217	421.477	430.057	438.924	447.998
"Niue"	570	1.629	1.648	1.677	1.747	1.81	1.874	1.934	2.006	2.076	2.151	2.211	2.277	2.337	2.391	2.456	2.522	2.586	2.645
"Samoa"	882	193.759	201.616	210.033	219.511	232.243	245.255	257.793	269.647	281.791	294.885	309.045	323.844	338.663	353.158	367.285	381.226	395.059	408.773
"Tokelau"	772	1.252	1.371	1.437	1.508	1.569	1.618	1.676	1.745	1.813	1.892	1.957	2.009	2.059	2.117	2.161	2.217	2.266	2.315
"Tonga"	776	106.364	111.907	118.164	125.492	133.285	141.044	148.328	155.298	162.701	170.877	179.653	188.564	197.269	205.726	214.152	222.774	231.622	240.536
"Tuvalu"	798	11.001	11.594	12.356	13.213	14.025	14.755	15.48	16.286	17.243	18.281	19.306	20.284	21.244	22.239	23.3	24.402	25.496	26.544
"Wallis and Futuna Islands"	876	12.066	11.653	11.609	11.664	11.77	11.869	11.984	12.123	12.322	12.544	12.767	12.99	13.222	13.465	13.735	14	14.262	14.527
