"country_code"	"name"	"2015-2020"	"2020-2025"	"2025-2030"	"2030-2035"	"2035-2040"	"2040-2045"	"2045-2050"	"2050-2055"	"2055-2060"	"2060-2065"	"2065-2070"	"2070-2075"	"2075-2080"	"2080-2085"	"2085-2090"	"2090-2095"	"2095-2100"
4	"Afghanistan"	4.0641	3.1352	2.469	2.0819	1.861	1.6994	1.5715	1.4731	1.3927	1.3291	1.2742	1.2339	1.2126	1.2031	1.2006	1.2121	1.2366
8	"Albania"	1.5065	1.3781	1.2757	1.2023	1.1606	1.1528	1.1689	1.1987	1.241	1.2878	1.3319	1.3719	1.4055	1.4374	1.4585	1.4803	1.4987
12	"Algeria"	2.3552	2.1045	1.9258	1.791	1.6866	1.6062	1.5468	1.5111	1.4977	1.4966	1.5086	1.525	1.541	1.5545	1.5662	1.5783	1.5877
24	"Angola"	5.3233	4.8108	4.315	3.8474	3.4325	3.0775	2.7851	2.5439	2.3524	2.1974	2.0749	1.9705	1.8799	1.8093	1.7554	1.707	1.6653
28	"Antigua and Barbuda"	1.81	1.6731	1.5707	1.4982	1.4491	1.4215	1.4079	1.4086	1.4172	1.4309	1.4451	1.4612	1.4781	1.4912	1.5038	1.5155	1.5251
32	"Argentina"	2.0367	1.8822	1.7644	1.6669	1.5907	1.5318	1.4933	1.466	1.4477	1.4393	1.44	1.4464	1.4517	1.462	1.4722	1.4821	1.4929
51	"Armenia"	1.3915	1.2689	1.1822	1.1321	1.1187	1.136	1.1738	1.2168	1.259	1.3005	1.3361	1.3697	1.3981	1.4219	1.446	1.4655	1.4835
533	"Aruba"	1.654	1.5869	1.5372	1.5049	1.4961	1.4935	1.498	1.5094	1.5212	1.5321	1.5431	1.5514	1.5583	1.5666	1.5733	1.5759	1.5823
36	"Australia"	1.6179	1.4869	1.3951	1.3376	1.3086	1.3023	1.3183	1.3412	1.3633	1.392	1.4166	1.4386	1.461	1.4769	1.4939	1.5082	1.5203
40	"Austria"	1.3944	1.3972	1.4057	1.4154	1.4264	1.4338	1.4425	1.4508	1.4578	1.4645	1.4708	1.4776	1.482	1.4849	1.4874	1.4922	1.4943
31	"Azerbaijan"	1.8412	1.6963	1.5812	1.4897	1.4193	1.3751	1.3538	1.3426	1.3491	1.3666	1.3913	1.415	1.4421	1.4648	1.4875	1.5058	1.5217
44	"Bahamas"	1.5416	1.4106	1.3131	1.2503	1.2192	1.2159	1.2312	1.2584	1.2864	1.3161	1.3456	1.374	1.3997	1.4263	1.4462	1.4662	1.4794
48	"Bahrain"	1.771	1.5839	1.4392	1.3174	1.2225	1.1537	1.1094	1.0947	1.1022	1.1266	1.1658	1.2058	1.2467	1.2907	1.3314	1.3708	1.4038
50	"Bangladesh"	1.8313	1.6297	1.4704	1.3423	1.239	1.166	1.1192	1.0994	1.102	1.1246	1.1609	1.203	1.2528	1.3028	1.3434	1.3807	1.4161
52	"Barbados"	1.6887	1.66	1.6424	1.6322	1.6242	1.6176	1.614	1.6102	1.6078	1.6051	1.6034	1.6037	1.6026	1.6023	1.6	1.5976	1.5984
112	"Belarus"	1.5887	1.5972	1.6082	1.6192	1.6284	1.6352	1.6415	1.6477	1.6504	1.6528	1.6546	1.6561	1.6578	1.6591	1.66	1.6606	1.6597
56	"Belgium"	1.6876	1.6659	1.6531	1.6444	1.6425	1.6387	1.6363	1.6376	1.6368	1.6343	1.6329	1.6313	1.6312	1.6305	1.6299	1.6312	1.6295
84	"Belize"	2.1986	1.9719	1.8037	1.6753	1.5667	1.4784	1.4077	1.3587	1.3224	1.301	1.2863	1.2838	1.2919	1.3082	1.331	1.3472	1.3714
204	"Benin"	4.5804	4.1161	3.7154	3.3664	3.0672	2.8107	2.5985	2.4181	2.2663	2.1399	2.0294	1.933	1.8504	1.7815	1.7208	1.672	1.6294
64	"Bhutan"	1.7705	1.551	1.3867	1.2595	1.1561	1.0932	1.0641	1.0535	1.0731	1.1138	1.1657	1.2211	1.2746	1.3227	1.3658	1.4007	1.4304
68	"Bolivia (Plurinational State of)"	2.5428	2.2628	2.0589	1.9009	1.779	1.681	1.6014	1.5383	1.4861	1.4485	1.4182	1.397	1.385	1.3827	1.3784	1.3809	1.3905
70	"Bosnia and Herzegovina"	1.2487	1.2382	1.2428	1.2538	1.2749	1.2975	1.3226	1.3487	1.3749	1.3964	1.4164	1.4344	1.4496	1.4658	1.478	1.4902	1.5019
72	"Botswana"	2.3929	2.1407	1.9529	1.7979	1.6657	1.5601	1.4775	1.4138	1.3666	1.3369	1.3283	1.3249	1.3348	1.3519	1.3722	1.3995	1.4244
76	"Brazil"	1.4899	1.3475	1.2405	1.1616	1.1129	1.0951	1.1028	1.1289	1.1595	1.2036	1.247	1.2899	1.3301	1.3649	1.3939	1.4208	1.4476
96	"Brunei Darussalam"	1.6245	1.4704	1.3535	1.2582	1.1972	1.1611	1.1497	1.1591	1.1851	1.2187	1.2565	1.2973	1.339	1.3765	1.4089	1.4385	1.4657
100	"Bulgaria"	1.4694	1.4885	1.5097	1.5294	1.5451	1.5583	1.5687	1.5774	1.5836	1.5885	1.5941	1.5994	1.6016	1.6048	1.6045	1.6065	1.6084
854	"Burkina Faso"	4.9322	4.3388	3.7904	3.312	2.9204	2.6167	2.374	2.1914	2.0433	1.9267	1.8335	1.7568	1.6939	1.6428	1.6011	1.5683	1.5391
108	"Burundi"	5.2884	4.6916	4.1347	3.6445	3.2172	2.8718	2.5955	2.3829	2.2058	2.0707	1.9597	1.8699	1.7964	1.7337	1.6827	1.6397	1.6043
132	"Cabo Verde"	2.0135	1.7831	1.6231	1.4987	1.4026	1.3288	1.2714	1.2369	1.2152	1.2112	1.2206	1.2382	1.2655	1.2916	1.324	1.3562	1.3899
116	"Cambodia"	2.2458	2.0073	1.8479	1.722	1.6219	1.539	1.474	1.4244	1.3888	1.363	1.3457	1.3373	1.3353	1.3406	1.3489	1.3597	1.3719
120	"Cameroon"	4.3119	3.8679	3.4829	3.1623	2.8925	2.6612	2.4683	2.3073	2.1684	2.0597	1.9593	1.871	1.7989	1.7367	1.6857	1.6383	1.5994
124	"Canada"	1.3582	1.24	1.1629	1.1244	1.126	1.1598	1.2054	1.2552	1.3026	1.3414	1.3754	1.404	1.4334	1.4529	1.4721	1.4884	1.5004
140	"Central African Republic"	4.4571	3.8999	3.353	2.8657	2.4779	2.2014	2.0036	1.8613	1.7499	1.6698	1.6044	1.5569	1.5185	1.4897	1.4724	1.4597	1.4501
148	"Chad"	5.499	4.8018	4.1593	3.609	3.1483	2.7766	2.494	2.2796	2.1043	1.9711	1.8646	1.7808	1.7083	1.653	1.6018	1.562	1.5327
830	"Channel Islands"	1.3773	1.3594	1.3539	1.3524	1.3515	1.3517	1.3529	1.3552	1.3585	1.3602	1.3634	1.3648	1.3689	1.372	1.3728	1.3724	1.3736
152	"Chile"	1.5509	1.4203	1.3339	1.279	1.2531	1.2564	1.281	1.3106	1.3409	1.3753	1.4061	1.4293	1.4563	1.4774	1.4953	1.51	1.5208
156	"China"	1.5235	1.5109	1.5063	1.5083	1.5079	1.5106	1.5125	1.5144	1.5168	1.5197	1.5196	1.5211	1.5231	1.5268	1.527	1.527	1.5292
344	"China, Hong Kong SAR"	1.2019	1.2454	1.2899	1.3256	1.3611	1.3894	1.4136	1.4362	1.4554	1.4705	1.4845	1.4955	1.5056	1.5139	1.521	1.5265	1.5305
446	"China, Macao SAR"	1.223	1.2925	1.3531	1.4045	1.4449	1.4779	1.5052	1.5279	1.5434	1.5576	1.5701	1.577	1.5837	1.5912	1.5943	1.5993	1.6016
158	"China, Taiwan Province of China"	1.0885	1.1182	1.1525	1.1831	1.2144	1.2447	1.2729	1.2999	1.3239	1.3468	1.3693	1.3881	1.4064	1.4214	1.4359	1.4483	1.4611
170	"Colombia"	1.6086	1.4384	1.3063	1.2042	1.135	1.092	1.0863	1.1097	1.1544	1.2062	1.26	1.3109	1.3546	1.3935	1.4288	1.457	1.4792
174	"Comoros"	3.9349	3.4907	3.1291	2.8326	2.5907	2.3903	2.2275	2.0903	1.9769	1.8764	1.792	1.717	1.6548	1.6003	1.5584	1.5226	1.4935
178	"Congo"	4.2721	3.8771	3.5384	3.2459	2.9958	2.7773	2.5929	2.4363	2.2985	2.1771	2.0727	1.9784	1.9007	1.8292	1.7677	1.7192	1.6732
188	"Costa Rica"	1.5491	1.3938	1.2739	1.1888	1.1362	1.118	1.1306	1.164	1.2122	1.2589	1.3084	1.3525	1.3892	1.4246	1.4511	1.4738	1.4925
384	"C~A'te d'Ivoire"	4.5265	4.1062	3.7491	3.4392	3.1723	2.945	2.7516	2.5808	2.4287	2.2972	2.1815	2.0714	1.9762	1.8904	1.8177	1.7553	1.6963
191	"Croatia"	1.2457	1.1317	1.0631	1.0355	1.0607	1.1182	1.1825	1.2393	1.2889	1.3319	1.369	1.399	1.4228	1.4457	1.4631	1.4791	1.4908
192	"Cuba"	1.5821	1.5295	1.4889	1.463	1.4486	1.4477	1.4492	1.4556	1.4669	1.4787	1.4913	1.5009	1.5127	1.5257	1.5345	1.5446	1.5515
531	"Cura~ASSao"	1.8568	1.746	1.6689	1.6129	1.5743	1.5535	1.5477	1.5509	1.555	1.5612	1.5673	1.5718	1.5804	1.5846	1.5882	1.5922	1.5956
196	"Cyprus"	1.1405	1.0312	0.9649	0.9482	0.9868	1.0588	1.1296	1.1937	1.248	1.2908	1.3284	1.3618	1.3903	1.4152	1.4368	1.4554	1.4711
203	"Czechia"	1.4503	1.4761	1.503	1.5241	1.5427	1.5586	1.5703	1.5796	1.5889	1.5952	1.5997	1.6031	1.6062	1.6093	1.6104	1.613	1.6134
408	"Dem. People's Republic of Korea"	1.677	1.5485	1.4576	1.3976	1.3637	1.3483	1.3519	1.3628	1.3787	1.3942	1.416	1.436	1.4587	1.4764	1.4909	1.5048	1.5164
180	"Democratic Republic of the Congo"	5.6324	4.8333	4.0604	3.3918	2.877	2.5073	2.239	2.0417	1.8981	1.7793	1.6914	1.6194	1.5633	1.5163	1.4884	1.4632	1.4485
208	"Denmark"	1.6522	1.6409	1.6374	1.6394	1.6411	1.6441	1.6455	1.6468	1.6492	1.651	1.6513	1.6518	1.6523	1.6529	1.652	1.6535	1.6531
262	"Djibouti"	2.4497	2.1095	1.8911	1.7277	1.6013	1.4951	1.4122	1.3466	1.2977	1.2687	1.2523	1.2504	1.2623	1.2775	1.3051	1.3323	1.3615
214	"Dominican Republic"	2.1394	1.9284	1.7621	1.6224	1.5078	1.416	1.3423	1.2893	1.2533	1.2392	1.2425	1.2578	1.2794	1.3066	1.343	1.3758	1.4058
218	"Ecuador"	2.202	1.9993	1.8433	1.7123	1.6036	1.522	1.4497	1.3942	1.3565	1.3338	1.3189	1.3165	1.3201	1.3325	1.3545	1.3751	1.3998
818	"Egypt"	2.8757	2.603	2.3973	2.2288	2.0835	1.9678	1.864	1.7784	1.7057	1.6452	1.5979	1.5617	1.5311	1.5126	1.4991	1.4888	1.4852
222	"El Salvador"	1.8127	1.6406	1.5076	1.4035	1.3212	1.2603	1.2182	1.1968	1.1931	1.1986	1.2172	1.2441	1.2735	1.3055	1.3393	1.3676	1.393
226	"Equatorial Guinea"	4.229	3.6137	3.0919	2.6799	2.3762	2.1578	1.9912	1.8673	1.7614	1.6829	1.6229	1.5703	1.5292	1.4972	1.4772	1.4573	1.4426
232	"Eritrea"	3.7186	3.2605	2.894	2.6037	2.3743	2.1917	2.0486	1.9288	1.8278	1.7438	1.6727	1.6171	1.5672	1.5249	1.4933	1.4662	1.45
233	"Estonia"	1.5424	1.5537	1.5659	1.5768	1.5883	1.5979	1.6041	1.6105	1.6144	1.6179	1.6233	1.6244	1.6267	1.629	1.6284	1.6301	1.6275
231	"Ethiopia"	3.6863	3.0109	2.5228	2.194	1.9793	1.8122	1.6843	1.5796	1.4997	1.432	1.3788	1.3344	1.3101	1.2923	1.287	1.2936	1.3055
242	"Fiji"	2.2398	2.0474	1.8935	1.7669	1.6651	1.5829	1.518	1.4702	1.4363	1.4124	1.3994	1.4001	1.4064	1.4202	1.4344	1.4508	1.4653
246	"Finland"	1.6736	1.6492	1.6352	1.6288	1.6217	1.6183	1.6173	1.6165	1.6159	1.6153	1.6135	1.6151	1.614	1.6155	1.6134	1.614	1.6121
250	"France"	1.8619	1.8187	1.7906	1.77	1.7556	1.746	1.7386	1.7321	1.7271	1.7212	1.7164	1.7137	1.711	1.7096	1.7062	1.7029	1.701
254	"French Guiana"	2.9883	2.7446	2.5611	2.4044	2.2713	2.1559	2.0547	1.9693	1.8935	1.8329	1.7822	1.7375	1.7045	1.6756	1.6512	1.6343	1.6251
258	"French Polynesia"	1.7631	1.6114	1.4941	1.4066	1.3414	1.296	1.2691	1.2602	1.257	1.2651	1.2803	1.3028	1.3258	1.3513	1.3782	1.3969	1.4223
266	"Gabon"	3.3807	2.9938	2.6888	2.4566	2.2659	2.1138	1.9866	1.8812	1.7864	1.7134	1.6526	1.5983	1.5542	1.5234	1.4954	1.4773	1.4621
270	"Gambia"	5.0344	4.4697	3.9011	3.3394	2.8476	2.4732	2.2	2.0022	1.86	1.7422	1.6637	1.5954	1.5425	1.5025	1.469	1.4455	1.4336
268	"Georgia"	1.8491	1.7787	1.7318	1.6917	1.663	1.6384	1.6195	1.6061	1.5991	1.5947	1.5911	1.5893	1.5873	1.5883	1.5914	1.5918	1.5936
276	"Germany"	1.3601	1.3531	1.353	1.3579	1.3626	1.3672	1.3741	1.3804	1.3871	1.3914	1.3964	1.3996	1.4031	1.408	1.4098	1.4142	1.4153
288	"Ghana"	3.5916	3.2224	2.9271	2.6826	2.4811	2.3146	2.1699	2.0486	1.9418	1.8531	1.7719	1.7035	1.6503	1.6054	1.5636	1.5337	1.5057
300	"Greece"	1.1085	0.9968	0.935	0.9252	0.969	1.0471	1.1199	1.1834	1.2352	1.2804	1.3199	1.3542	1.3798	1.4043	1.4254	1.444	1.4596
308	"Grenada"	1.8455	1.6698	1.5295	1.4177	1.3304	1.2701	1.234	1.219	1.2205	1.2422	1.271	1.3032	1.3375	1.3708	1.4015	1.4307	1.4549
312	"Guadeloupe"	1.698	1.5563	1.4557	1.3913	1.3606	1.3622	1.3834	1.4132	1.4454	1.4722	1.498	1.5162	1.5337	1.5474	1.5582	1.5664	1.5743
316	"Guam"	2.0855	1.915	1.7843	1.6785	1.595	1.5314	1.4862	1.4568	1.436	1.4359	1.4354	1.4435	1.4531	1.4628	1.476	1.4887	1.5024
320	"Guatemala"	2.5963	2.2511	2.019	1.851	1.7266	1.626	1.5464	1.4795	1.4295	1.3931	1.3672	1.3508	1.3432	1.3418	1.3483	1.356	1.3673
324	"Guinea"	4.435	3.9061	3.4364	3.0465	2.7226	2.4747	2.28	2.118	1.9869	1.8836	1.7999	1.7317	1.675	1.6214	1.5819	1.5504	1.5252
624	"Guinea-Bissau"	4.2161	3.7269	3.3156	2.9736	2.6907	2.4662	2.287	2.1344	2.0112	1.9069	1.8189	1.7427	1.6807	1.6269	1.5787	1.5422	1.5126
328	"Guyana"	2.2292	2.04	1.8865	1.7638	1.6602	1.5829	1.5223	1.4776	1.4479	1.4312	1.4243	1.423	1.4315	1.4419	1.4533	1.4675	1.4782
332	"Haiti"	2.5548	2.2321	2.0134	1.8529	1.7225	1.6201	1.5288	1.46	1.4063	1.3655	1.3396	1.3274	1.3186	1.3164	1.3287	1.3468	1.3666
340	"Honduras"	2.1112	1.8605	1.692	1.5686	1.4705	1.394	1.3394	1.2938	1.2662	1.2539	1.2508	1.2571	1.265	1.2829	1.3061	1.3372	1.3654
348	"Hungary"	1.2796	1.284	1.2929	1.3027	1.3125	1.3248	1.3363	1.3455	1.3539	1.3637	1.3688	1.3764	1.3809	1.3885	1.3921	1.3966	1.3999
352	"Iceland"	1.7036	1.5646	1.4639	1.3896	1.3432	1.3184	1.3141	1.322	1.3406	1.3581	1.3819	1.4013	1.4251	1.4444	1.4636	1.4773	1.4958
356	"India"	2.0481	1.8544	1.716	1.6057	1.5159	1.4485	1.3936	1.3588	1.3298	1.3171	1.3137	1.3147	1.3251	1.3396	1.3537	1.376	1.3928
360	"Indonesia"	2.0798	1.8944	1.7553	1.6467	1.563	1.4933	1.4481	1.4216	1.4081	1.4065	1.4125	1.4303	1.4456	1.4661	1.4838	1.4977	1.5114
364	"Iran (Islamic Republic of)"	1.3989	1.2208	1.0905	1.0065	0.9702	0.983	1.0352	1.1145	1.1871	1.2558	1.3122	1.36	1.3978	1.4279	1.4524	1.4755	1.4918
368	"Iraq"	3.972	3.6003	3.2962	3.0395	2.8249	2.6374	2.4808	2.3395	2.2104	2.0992	2.0006	1.9068	1.8306	1.7634	1.7048	1.6582	1.6173
372	"Ireland"	1.8697	1.8212	1.7875	1.7622	1.7424	1.7277	1.7161	1.7075	1.7003	1.6913	1.6862	1.681	1.6765	1.6737	1.6714	1.6676	1.6637
376	"Israel"	2.6649	2.4645	2.3012	2.1683	2.0501	1.9491	1.8629	1.7873	1.7248	1.6774	1.6384	1.6026	1.5778	1.5609	1.5461	1.537	1.5334
380	"Italy"	1.3781	1.3847	1.3976	1.41	1.4231	1.4344	1.4447	1.4539	1.4633	1.4718	1.4784	1.4848	1.4887	1.4938	1.4969	1.5009	1.5031
388	"Jamaica"	1.7646	1.6062	1.4888	1.3976	1.337	1.2961	1.2821	1.2829	1.2981	1.3197	1.3487	1.3791	1.4083	1.4336	1.4584	1.4787	1.4946
392	"Japan"	1.3615	1.3703	1.3826	1.3948	1.4107	1.4234	1.4331	1.4444	1.455	1.4615	1.4682	1.476	1.4808	1.486	1.489	1.4935	1.4981
400	"Jordan"	2.9784	2.6342	2.3746	2.1665	1.9913	1.8429	1.7149	1.6125	1.5215	1.4516	1.3992	1.3619	1.3383	1.3302	1.3319	1.3461	1.3618
398	"Kazakhstan"	2.3755	2.1904	2.0477	1.9321	1.8409	1.7638	1.7021	1.6485	1.6109	1.5763	1.5584	1.5402	1.5271	1.5241	1.5191	1.5183	1.5225
404	"Kenya"	3.4636	3.0665	2.7511	2.5067	2.3086	2.1457	2.0068	1.8922	1.7887	1.6964	1.6243	1.5618	1.5092	1.4696	1.4363	1.4082	1.3875
296	"Kiribati"	3.2949	3.0163	2.7953	2.6091	2.4533	2.3106	2.1853	2.0771	1.9806	1.893	1.8196	1.7524	1.6985	1.6554	1.6186	1.5899	1.562
414	"Kuwait"	1.7391	1.5894	1.4772	1.4038	1.3572	1.3444	1.3636	1.3946	1.4312	1.4619	1.4901	1.5134	1.5336	1.5487	1.5602	1.5709	1.5761
417	"Kyrgyzstan"	2.641	2.4021	2.2241	2.0865	1.9673	1.8688	1.7871	1.7189	1.6653	1.6264	1.5943	1.5683	1.552	1.5431	1.5357	1.5326	1.5334
418	"Lao People's Democratic Republic"	2.3439	2.0471	1.8308	1.6557	1.517	1.4021	1.3137	1.2429	1.2019	1.1801	1.185	1.202	1.2331	1.2752	1.3166	1.3589	1.3925
428	"Latvia"	1.4555	1.471	1.4868	1.5024	1.5183	1.5302	1.5427	1.5511	1.5595	1.5649	1.5703	1.5746	1.5764	1.58	1.5826	1.5845	1.5864
422	"Lebanon"	1.4933	1.3696	1.2824	1.2245	1.1867	1.1749	1.1846	1.2089	1.2416	1.2799	1.3161	1.3529	1.3865	1.4154	1.4417	1.4637	1.4832
426	"Lesotho"	2.7289	2.433	2.2067	2.0389	1.9017	1.7913	1.6995	1.6233	1.5595	1.5133	1.4772	1.4484	1.4301	1.4149	1.4148	1.4135	1.4159
430	"Liberia"	4.1839	3.7269	3.338	3.0076	2.7348	2.5106	2.3263	2.174	2.0558	1.9532	1.8624	1.7862	1.7249	1.6681	1.6224	1.5845	1.553
434	"Libya"	1.9686	1.7465	1.5795	1.4429	1.3367	1.2597	1.2092	1.1938	1.1979	1.2351	1.2754	1.3268	1.3755	1.412	1.4451	1.4744	1.4987
440	"Lithuania"	1.543	1.5512	1.5623	1.5735	1.5852	1.5925	1.6009	1.6066	1.6121	1.6156	1.6206	1.6231	1.625	1.6268	1.6281	1.6292	1.63
442	"Luxembourg"	1.4823	1.4806	1.4847	1.4901	1.4973	1.5051	1.5101	1.5148	1.5194	1.525	1.5284	1.5305	1.5327	1.534	1.537	1.5405	1.5403
450	"Madagascar"	3.8007	3.4032	3.0727	2.795	2.5685	2.3827	2.2261	2.1018	1.9944	1.8976	1.8229	1.7555	1.6998	1.6532	1.6137	1.5802	1.5502
454	"Malawi"	4.1921	3.706	3.2966	2.9515	2.6689	2.4431	2.265	2.1188	2.0006	1.8976	1.8143	1.7405	1.6735	1.6206	1.5742	1.5335	1.5013
458	"Malaysia"	1.7878	1.6215	1.4947	1.3954	1.319	1.2687	1.237	1.2239	1.2261	1.2433	1.2677	1.2994	1.3283	1.3608	1.3906	1.4184	1.4432
462	"Maldives"	1.7836	1.5619	1.3911	1.2608	1.1645	1.1034	1.0804	1.1048	1.159	1.2268	1.2913	1.3474	1.3948	1.4326	1.4608	1.4863	1.5048
466	"Mali"	5.633	4.917	4.206	3.555	3.0227	2.6237	2.3393	2.1274	1.9707	1.8488	1.7508	1.676	1.6158	1.5708	1.5318	1.5	1.4809
470	"Malta"	1.3483	1.3427	1.3431	1.3526	1.3678	1.384	1.4008	1.4181	1.434	1.4511	1.4651	1.4784	1.4885	1.5002	1.5125	1.5207	1.5291
474	"Martinique"	1.659	1.5201	1.427	1.3745	1.3484	1.3582	1.3818	1.416	1.4503	1.4785	1.5003	1.5212	1.5382	1.5495	1.5568	1.5681	1.5755
478	"Mauritania"	4.2841	3.8601	3.4932	3.1703	2.8963	2.6598	2.471	2.3073	2.1773	2.0619	1.9683	1.8845	1.8172	1.7539	1.7051	1.6665	1.6291
480	"Mauritius"	1.2311	1.1121	1.0347	1.0043	1.0287	1.0929	1.1667	1.2326	1.2864	1.3321	1.3721	1.3999	1.4281	1.4491	1.4706	1.4863	1.4977
175	"Mayotte"	3.4313	3.0426	2.7428	2.5002	2.296	2.1174	1.9618	1.826	1.7083	1.605	1.521	1.4532	1.4054	1.3652	1.3403	1.3253	1.3239
484	"Mexico"	1.9021	1.6918	1.5295	1.3961	1.2888	1.2083	1.1584	1.1366	1.1404	1.1679	1.2106	1.2592	1.3094	1.3556	1.3953	1.4304	1.4589
583	"Micronesia (Fed. States of)"	2.7873	2.4795	2.251	2.0743	1.9291	1.8132	1.7098	1.6288	1.5564	1.4973	1.4504	1.4116	1.3884	1.3707	1.3637	1.3625	1.3666
496	"Mongolia"	2.4406	2.2048	2.0421	1.927	1.8502	1.7971	1.7577	1.732	1.7133	1.699	1.6885	1.6828	1.6769	1.6723	1.669	1.6672	1.6652
499	"Montenegro"	1.4451	1.3189	1.2277	1.1727	1.1536	1.1672	1.2038	1.2476	1.2915	1.3321	1.3671	1.3999	1.4256	1.4504	1.4697	1.4865	1.5008
504	"Morocco"	2.1787	1.9669	1.8082	1.6786	1.5757	1.4926	1.4318	1.3864	1.3627	1.3484	1.3515	1.3618	1.3755	1.3977	1.4211	1.4441	1.4673
508	"Mozambique"	4.8683	4.3987	3.9412	3.497	3.0847	2.7273	2.4416	2.2286	2.0644	1.9385	1.8398	1.7588	1.6939	1.6442	1.6062	1.575	1.5544
104	"Myanmar"	1.9492	1.7689	1.6306	1.5213	1.433	1.3686	1.3225	1.2948	1.2844	1.2849	1.2998	1.3233	1.3509	1.3778	1.4067	1.4305	1.4537
516	"Namibia"	3.0249	2.7061	2.4623	2.2641	2.0975	1.9556	1.8374	1.7332	1.6476	1.5739	1.5139	1.4706	1.4373	1.416	1.4032	1.3988	1.4024
524	"Nepal"	1.7771	1.565	1.424	1.3204	1.2512	1.2006	1.1715	1.1685	1.1783	1.2013	1.2336	1.2698	1.3084	1.3454	1.3815	1.4137	1.4406
528	"Netherlands"	1.6415	1.6197	1.6099	1.6034	1.6013	1.5986	1.5984	1.5972	1.5974	1.5982	1.5983	1.5993	1.5998	1.6004	1.5992	1.5992	1.5983
540	"New Caledonia"	1.9095	1.7427	1.6197	1.5235	1.4551	1.4066	1.3793	1.3752	1.3833	1.3944	1.4135	1.4334	1.4556	1.4757	1.4951	1.5116	1.5267
554	"New Zealand"	1.7524	1.6137	1.5135	1.4387	1.3893	1.3651	1.3571	1.3625	1.3697	1.3873	1.407	1.4273	1.444	1.4637	1.4774	1.4961	1.5055
558	"Nicaragua"	1.9183	1.7175	1.5615	1.4404	1.349	1.2775	1.2274	1.2028	1.1911	1.2025	1.2285	1.2635	1.2984	1.3381	1.3748	1.409	1.4357
562	"Niger"	6.9323	6.397	5.8096	5.202	4.5953	4.0363	3.5328	3.1008	2.7647	2.4949	2.2811	2.1179	1.9811	1.8725	1.7829	1.7131	1.6542
566	"Nigeria"	5.1477	4.6425	4.1336	3.6347	3.1734	2.7818	2.4763	2.2468	2.0741	1.94	1.8395	1.7629	1.7003	1.6526	1.6148	1.5839	1.563
578	"Norway"	1.7182	1.6893	1.6749	1.6621	1.6565	1.6514	1.6487	1.6456	1.646	1.6437	1.6409	1.64	1.6399	1.6387	1.6377	1.6356	1.6347
512	"Oman"	2.2788	1.9673	1.729	1.5441	1.3954	1.2765	1.1862	1.1281	1.1025	1.1152	1.1556	1.2156	1.2776	1.3374	1.3883	1.4297	1.4625
586	"Pakistan"	3.0741	2.6973	2.4215	2.2071	2.0413	1.8973	1.7773	1.683	1.5983	1.5322	1.4713	1.4312	1.4015	1.3819	1.3695	1.368	1.3726
591	"Panama"	2.2253	2.0377	1.8893	1.772	1.6758	1.5986	1.5414	1.4985	1.4673	1.4508	1.4449	1.445	1.4496	1.4581	1.4685	1.4782	1.4931
598	"Papua New Guinea"	3.2965	2.9729	2.7103	2.502	2.3314	2.1856	2.0573	1.9503	1.861	1.7836	1.7147	1.6603	1.6136	1.5742	1.5458	1.5213	1.5017
600	"Paraguay"	2.1836	1.973	1.821	1.6967	1.6	1.5171	1.4542	1.4067	1.3728	1.3486	1.3357	1.3269	1.3271	1.3353	1.349	1.3621	1.3775
604	"Peru"	2.1134	1.9082	1.7484	1.6149	1.5071	1.4213	1.3541	1.3089	1.2743	1.2572	1.2561	1.2655	1.2849	1.3105	1.3363	1.3678	1.397
608	"Philippines"	2.6172	2.3813	2.196	2.0403	1.9109	1.8009	1.708	1.6301	1.5631	1.5077	1.4632	1.4271	1.4022	1.3883	1.3789	1.3799	1.38
616	"Poland"	1.0944	0.985	0.9233	0.9161	0.9603	1.0349	1.1066	1.1691	1.2264	1.2733	1.3122	1.3476	1.3776	1.401	1.4232	1.4406	1.4576
620	"Portugal"	1.0457	0.9419	0.8873	0.8834	0.9346	1.0168	1.0939	1.1602	1.2148	1.2609	1.2987	1.3316	1.3622	1.3882	1.4096	1.4273	1.4434
630	"Puerto Rico"	1.2672	1.1441	1.0629	1.0237	1.0263	1.0648	1.1206	1.1756	1.227	1.2741	1.3147	1.3505	1.3817	1.4111	1.4342	1.4542	1.47
634	"Qatar"	1.6512	1.4736	1.3373	1.2305	1.1554	1.1014	1.0768	1.0793	1.0997	1.1346	1.1765	1.2234	1.2676	1.3125	1.3532	1.3875	1.4217
410	"Republic of Korea"	1.1939	1.2095	1.2303	1.2517	1.2766	1.3035	1.3284	1.3536	1.3755	1.3963	1.4149	1.4323	1.4481	1.4611	1.4728	1.4851	1.4953
498	"Republic of Moldova"	1.0361	0.9307	0.8812	0.8848	0.9448	1.0286	1.1019	1.1676	1.2171	1.263	1.302	1.3349	1.3633	1.3885	1.4077	1.4262	1.4452
638	"R~A(c)union"	2.0431	1.854	1.7126	1.6059	1.5214	1.4656	1.437	1.4295	1.4383	1.4593	1.479	1.4996	1.5213	1.5369	1.5511	1.5649	1.5744
642	"Romania"	1.4241	1.4239	1.4291	1.4374	1.447	1.4536	1.4596	1.4673	1.4727	1.4771	1.482	1.4852	1.4909	1.4938	1.4994	1.5009	1.5032
643	"Russian Federation"	1.6375	1.6398	1.6472	1.6543	1.6607	1.6672	1.6716	1.6753	1.6774	1.6795	1.6806	1.6824	1.6841	1.6851	1.6849	1.6848	1.6854
646	"Rwanda"	3.4827	3.0517	2.7231	2.4513	2.2228	2.0259	1.8538	1.6998	1.5714	1.4553	1.3612	1.2838	1.2284	1.1935	1.1754	1.1732	1.1845
662	"Saint Lucia"	1.2368	1.1084	1.0197	0.9739	0.9651	0.9947	1.0444	1.1066	1.166	1.2209	1.2697	1.3142	1.3514	1.3845	1.4111	1.4356	1.454
670	"Saint Vincent and the Grenadines"	1.6788	1.5049	1.3713	1.2664	1.19	1.1442	1.127	1.1349	1.164	1.2044	1.2515	1.2966	1.3415	1.3785	1.4146	1.4422	1.4663
882	"Samoa"	3.6067	3.2734	3.004	2.7831	2.5922	2.4284	2.2797	2.154	2.0399	1.9319	1.8479	1.7645	1.6946	1.6363	1.591	1.5492	1.5184
678	"Sao Tome and Principe"	4.0661	3.6523	3.3006	3.0042	2.749	2.5405	2.3634	2.2159	2.0909	1.9895	1.9016	1.8248	1.7632	1.7078	1.6621	1.6227	1.5899
682	"Saudi Arabia"	2.2124	1.9545	1.7578	1.6004	1.4729	1.3692	1.2868	1.2274	1.1841	1.1664	1.1654	1.1801	1.2049	1.2381	1.2787	1.3188	1.3626
686	"Senegal"	4.359	3.9174	3.5482	3.2359	2.9742	2.7494	2.56	2.3925	2.2511	2.1255	2.0215	1.9227	1.8444	1.769	1.7074	1.6557	1.6091
688	"Serbia"	1.4845	1.4444	1.4168	1.4034	1.4038	1.4142	1.4264	1.4395	1.4556	1.4699	1.4855	1.498	1.5093	1.5197	1.5275	1.5366	1.5408
690	"Seychelles"	2.0269	1.8403	1.6989	1.5876	1.5053	1.4474	1.4119	1.4	1.4017	1.4143	1.4383	1.4592	1.4849	1.5055	1.5255	1.5433	1.5534
694	"Sierra Leone"	3.9742	3.3146	2.7977	2.4225	2.1644	1.9809	1.8382	1.731	1.6387	1.5635	1.5094	1.4643	1.4306	1.4056	1.3886	1.3765	1.3721
702	"Singapore"	1.1493	1.1267	1.1144	1.1055	1.0976	1.0902	1.087	1.0826	1.0782	1.0775	1.0738	1.0718	1.0692	1.0677	1.0655	1.0634	1.0601
703	"Slovakia"	1.3448	1.3562	1.3708	1.3853	1.4003	1.4128	1.4266	1.4369	1.4457	1.4535	1.4634	1.4702	1.4764	1.4801	1.4859	1.4878	1.4914
705	"Slovenia"	1.5211	1.5256	1.5357	1.5454	1.5544	1.5641	1.5713	1.5779	1.5825	1.5862	1.5888	1.5936	1.5956	1.5971	1.5983	1.6013	1.6024
90	"Solomon Islands"	3.4658	3.1063	2.8259	2.5995	2.4049	2.2442	2.1063	1.99	1.8824	1.7885	1.71	1.6442	1.5851	1.5395	1.5016	1.4709	1.4425
706	"Somalia"	5.8383	5.1613	4.5339	3.9654	3.4811	3.073	2.7481	2.4887	2.2891	2.1291	2.0023	1.8942	1.8159	1.7419	1.6878	1.6397	1.5993
710	"South Africa"	2.17	1.9741	1.8291	1.7075	1.6121	1.5352	1.4718	1.4288	1.3958	1.3751	1.3718	1.3721	1.381	1.3938	1.4102	1.4272	1.4436
728	"South Sudan"	4.4308	3.8913	3.4187	3.0156	2.696	2.4517	2.2499	2.0984	1.971	1.8672	1.7785	1.7102	1.652	1.6034	1.5654	1.5306	1.5046
724	"Spain"	1.2757	1.2803	1.2889	1.3009	1.3126	1.3239	1.3361	1.3447	1.3531	1.3608	1.3685	1.3758	1.3798	1.3858	1.3915	1.3979	1.4001
144	"Sri Lanka"	1.8038	1.6525	1.5367	1.4523	1.3934	1.3546	1.338	1.3332	1.3456	1.364	1.3826	1.4065	1.4312	1.4523	1.4704	1.492	1.5053
275	"State of Palestine"	3.5935	3.1576	2.8079	2.5302	2.3145	2.1458	2.0057	1.8937	1.8011	1.72	1.6558	1.6014	1.5567	1.5187	1.4856	1.464	1.4452
729	"Sudan"	4.1363	3.7154	3.3581	3.056	2.7992	2.5831	2.4055	2.2548	2.1311	2.0209	1.9265	1.8483	1.7779	1.7213	1.6731	1.6317	1.5985
740	"Suriname"	2.097	1.9091	1.76	1.6395	1.5452	1.4693	1.4123	1.3755	1.3527	1.348	1.3524	1.3662	1.3844	1.4065	1.4233	1.4444	1.4646
748	"Swaziland"	2.7245	2.4028	2.1722	1.9882	1.8391	1.7142	1.6115	1.5276	1.4572	1.4018	1.3619	1.3359	1.3193	1.3119	1.3124	1.3248	1.3402
752	"Sweden"	1.7965	1.7644	1.7471	1.7366	1.7281	1.7238	1.7188	1.717	1.7139	1.7131	1.712	1.7076	1.7073	1.7059	1.7057	1.7043	1.7033
756	"Switzerland"	1.441	1.4214	1.4106	1.4062	1.4026	1.4014	1.4027	1.4035	1.4049	1.404	1.4031	1.4048	1.4073	1.4073	1.4092	1.409	1.4084
760	"Syrian Arab Republic"	2.5728	2.2846	2.0642	1.881	1.7264	1.5983	1.4852	1.4001	1.3275	1.2769	1.2409	1.2272	1.2255	1.2388	1.2612	1.2934	1.3262
762	"Tajikistan"	3.0009	2.7214	2.502	2.3214	2.1675	2.0344	1.916	1.8163	1.7311	1.6579	1.5963	1.5441	1.5033	1.4716	1.4448	1.4283	1.4171
807	"TFYR Macedonia"	1.4093	1.3752	1.3538	1.3485	1.3513	1.3653	1.3823	1.402	1.4202	1.4414	1.4568	1.4736	1.4879	1.5004	1.5107	1.5207	1.5287
764	"Thailand"	1.2499	1.1067	1.0115	0.9609	0.9594	1.001	1.0669	1.1404	1.2099	1.2692	1.3156	1.3533	1.3899	1.4184	1.4405	1.46	1.4753
626	"Timor-Leste"	5.0232	4.281	3.6388	3.1079	2.6968	2.3939	2.1758	2.014	1.8853	1.7775	1.693	1.62	1.5636	1.516	1.4807	1.4453	1.4232
768	"Togo"	4.0516	3.6263	3.2719	2.9753	2.7357	2.53	2.3607	2.2151	2.0866	1.9808	1.8818	1.8031	1.7308	1.6717	1.62	1.5774	1.5416
776	"Tonga"	3.291	3.0112	2.7822	2.5909	2.4255	2.2846	2.1576	2.0446	1.9443	1.8569	1.7825	1.7158	1.6604	1.6155	1.5827	1.5526	1.5253
780	"Trinidad and Tobago"	1.5163	1.3802	1.2846	1.2239	1.1887	1.1834	1.2068	1.2397	1.2812	1.322	1.3617	1.3938	1.4215	1.4477	1.4713	1.4911	1.5055
788	"Tunisia"	1.9056	1.7299	1.6065	1.5139	1.4484	1.4119	1.3936	1.3985	1.4186	1.4473	1.4735	1.4978	1.5188	1.5383	1.5505	1.5636	1.5734
792	"Turkey"	1.799	1.6384	1.5142	1.4199	1.3482	1.2979	1.2652	1.2512	1.2548	1.264	1.2855	1.3085	1.3389	1.3652	1.3949	1.4247	1.4489
795	"Turkmenistan"	2.5204	2.2783	2.0966	1.9477	1.8272	1.726	1.6444	1.5762	1.5273	1.4862	1.4626	1.4463	1.4366	1.436	1.4431	1.4558	1.4718
800	"Uganda"	5.1598	4.525	3.941	3.4306	3.0121	2.6853	2.4282	2.2261	2.07	1.9421	1.8448	1.7631	1.6931	1.637	1.5901	1.5557	1.529
804	"Ukraine"	1.4408	1.4484	1.4606	1.474	1.4895	1.4995	1.5103	1.5177	1.5249	1.5321	1.5391	1.5413	1.5452	1.5512	1.552	1.5547	1.5557
784	"United Arab Emirates"	1.5005	1.3496	1.2381	1.1609	1.1108	1.0933	1.0974	1.1269	1.1654	1.2107	1.2584	1.3024	1.3428	1.3813	1.4141	1.4398	1.4655
826	"United Kingdom"	1.7615	1.7228	1.7005	1.6844	1.6736	1.6665	1.6601	1.6549	1.6519	1.6499	1.648	1.6451	1.644	1.6427	1.6415	1.6389	1.6387
834	"United Republic of Tanzania"	4.6416	4.2004	3.8008	3.447	3.1236	2.8492	2.626	2.4342	2.2806	2.1526	2.0393	1.9478	1.8659	1.7975	1.7477	1.703	1.6644
840	"United States of America"	1.7764	1.7468	1.7304	1.7195	1.7125	1.7057	1.7023	1.7001	1.6969	1.6945	1.6922	1.6908	1.6897	1.6876	1.6853	1.6863	1.6853
850	"United States Virgin Islands"	1.9512	1.777	1.6482	1.5486	1.4785	1.4318	1.4106	1.4021	1.4086	1.4247	1.4489	1.4708	1.492	1.5109	1.5272	1.5395	1.5507
858	"Uruguay"	1.7595	1.6214	1.5218	1.4472	1.4029	1.382	1.3794	1.3837	1.3984	1.4131	1.4306	1.4506	1.4641	1.48	1.4932	1.5052	1.5147
860	"Uzbekistan"	2.0006	1.815	1.6721	1.5571	1.4702	1.4014	1.3503	1.3191	1.3013	1.2992	1.3073	1.3249	1.3485	1.3725	1.3972	1.4233	1.4498
548	"Vanuatu"	2.936	2.6655	2.4524	2.2748	2.1317	2.0043	1.899	1.8091	1.7343	1.6664	1.6115	1.562	1.5232	1.4908	1.4623	1.4475	1.436
862	"Venezuela (Bolivarian Republic of)"	2.0442	1.8599	1.7128	1.5928	1.4972	1.4224	1.3646	1.3288	1.3075	1.2998	1.3051	1.3202	1.3405	1.3663	1.3885	1.4154	1.4401
704	"Viet Nam"	1.8331	1.7817	1.7461	1.7221	1.705	1.6917	1.6793	1.6707	1.6646	1.6597	1.656	1.6513	1.647	1.6441	1.6403	1.6376	1.6363
732	"Western Sahara"	2.1669	1.9429	1.766	1.6253	1.5074	1.4144	1.3401	1.2869	1.2549	1.2382	1.2425	1.2598	1.2845	1.3186	1.3543	1.3876	1.4211
887	"Yemen"	3.5311	3.0162	2.6349	2.3325	2.0779	1.8653	1.6774	1.5183	1.3821	1.2655	1.1743	1.1072	1.0697	1.0556	1.0643	1.0904	1.1301
894	"Zambia"	4.6176	4.2123	3.8582	3.5399	3.268	3.0255	2.8125	2.6271	2.4757	2.3365	2.2193	2.1105	2.0208	1.9424	1.8716	1.8105	1.7574
716	"Zimbabwe"	3.3291	2.9492	2.6604	2.4277	2.2259	2.0595	1.9115	1.7873	1.6793	1.5935	1.5204	1.4653	1.4262	1.4006	1.3866	1.387	1.3912
