"country_code"	"name"	"2015-2020"	"2020-2025"	"2025-2030"	"2030-2035"	"2035-2040"	"2040-2045"	"2045-2050"	"2050-2055"	"2055-2060"	"2060-2065"	"2065-2070"	"2070-2075"	"2075-2080"	"2080-2085"	"2085-2090"	"2090-2095"	"2095-2100"
900	"WORLD"	2.22242859453541	2.03244276543589	1.89193132487107	1.85034938232944	1.81557502919485	1.79108284025499	1.76889597271913	1.74194075214247	1.70984829537311	1.67868251622747	1.64932817951598	1.62254811513649	1.59756604869476	1.57259291981688	1.54658852658144	1.52002397100019	1.49456681846389
901	"More developed regions"	1.44151125428638	1.31823530676702	1.24829537747554	1.26913805238305	1.28566968813297	1.30125610298629	1.31540100773053	1.32698166155858	1.33451838217783	1.3397461310575	1.3443354163864	1.34855139484141	1.35360304461709	1.35783899416387	1.36119646946106	1.36346491326479	1.36436488656537
902	"Less developed regions"	2.33839930369243	2.13166542946403	1.97803950370375	1.92535710492841	1.88032392676014	1.84731695279207	1.81859890700198	1.78629154184154	1.74979503372316	1.71507940604862	1.68211687314965	1.65144385779223	1.62251147411321	1.59411225739515	1.56522623289281	1.53608672622484	1.50819518371679
941	"Least developed countries"	3.76749334612266	3.36460305147616	3.0484480528997	2.86352204227775	2.70387025290723	2.56471935603677	2.43819177747571	2.32276912754453	2.21649629870053	2.12123085511647	2.0338201110107	1.9540035502036	1.8811125516943	1.81404062361007	1.75203220012564	1.69478302378104	1.64157618567296
934	"Less developed regions, excluding least developed countries"	2.06545604243172	1.86622116613951	1.72016880828811	1.6744679924352	1.636905968818	1.61288075220333	1.59465763831225	1.5730882006554	1.54802927520866	1.52629824504527	1.50754621559013	1.49149299914864	1.47708739177086	1.46310987749477	1.44832233497585	1.43266362806047	1.41818265279607
948	"Less developed regions, excluding China"	2.58853171280323	2.32679856165619	2.13128469106243	2.05003523722961	1.98423621146495	1.93329576392787	1.88956890723108	1.84601487645617	1.80149317091066	1.76061355547423	1.72191456584481	1.68550703150811	1.65147676158057	1.61887843979393	1.58660541358482	1.55456369092544	1.523944526307
1503	"High-income countries"	1.46412591639025	1.33117868585395	1.25154328201932	1.26735100528571	1.27823346514471	1.28909735663912	1.30077781032788	1.31130341093817	1.31854184227714	1.32408931675305	1.32877365422931	1.33280208034882	1.33822764638216	1.3430940147546	1.34729125325441	1.35029247788778	1.35146944967754
1517	"Middle-income countries"	2.09497605609876	1.89661700861651	1.7483109053531	1.70133106312939	1.66534776972893	1.64377852136813	1.62747545583543	1.60763613349734	1.58409697183213	1.56338071752991	1.54538534690678	1.52990028070246	1.515799832675	1.50168702290566	1.48610464212829	1.46901652372452	1.45271717930638
1502	"Upper-middle-income countries"	1.59058776327625	1.42359190973052	1.3139094714549	1.31096411528797	1.31396735399872	1.32259008763835	1.33198388413825	1.33785498903126	1.33948410388597	1.34220459487968	1.34528867030176	1.35098940919618	1.35521026704053	1.35704115865869	1.35590447801646	1.35302017022646	1.35046288028059
1501	"Lower-middle-income countries"	2.49182562704538	2.22297656203241	2.01972937664892	1.93323647215052	1.86485723586028	1.81146016622982	1.76759277687566	1.72698529269358	1.68903994641773	1.65726741870741	1.62889213389471	1.60202319269932	1.57766215472319	1.55540945308862	1.53366177121021	1.51118381611074	1.48959561063184
1500	"Low-income countries"	4.36998025653366	3.86785041380981	3.45776800784093	3.19149504077877	2.96241596408567	2.76399903764245	2.58735327680467	2.43107780162761	2.29244949542963	2.1722089750597	2.0656993082214	1.97152898510499	1.88746036799257	1.81165755196607	1.74328995293519	1.68186513570698	1.62567981006107
947	"Sub-Saharan Africa"	4.50156092121481	4.02365756611532	3.62414372763596	3.35474909145458	3.11401367006531	2.90119683909495	2.7106060622895	2.54094712186211	2.38923942599692	2.25869761649114	2.14379559228522	2.04087034420511	1.94936705890897	1.86742024826409	1.79440910412776	1.7276741038837	1.666731503573
903	"AFRICA"	4.1779710959145	3.75249429721672	3.39928164895873	3.16795077418315	2.95860884607565	2.77204391906933	2.60533490257858	2.45586803528401	2.32036639567046	2.20201319004618	2.09623441591573	2.00095769278071	1.91622254924294	1.84024822474737	1.77206286476106	1.70903680779437	1.65130112354003
910	"Eastern Africa"	4.22614523287066	3.71439720186822	3.30578858143877	3.04852879921878	2.82908832727799	2.64458727894908	2.48322105977888	2.34153979809555	2.21752822823123	2.1094316913451	2.01666455059369	1.93390264967021	1.86077019703639	1.79555597488712	1.73638250749192	1.68262892816893	1.63153392619593
108	"Burundi"	5.3273	4.781	4.3075	3.9621	3.65	3.3653	3.1134	2.8978	2.7065	2.5383	2.3942	2.2668	2.1538	2.0448	1.9519	1.862	1.7826
174	"Comoros"	3.9865	3.5164	3.1414	2.9041	2.7003	2.5249	2.3759	2.2411	2.1234	2.0148	1.9219	1.83	1.7449	1.6695	1.6019	1.5448	1.495
262	"Djibouti"	2.5077	2.1086	1.8266	1.6865	1.5731	1.4829	1.41	1.353	1.3134	1.2855	1.2714	1.2611	1.2593	1.2587	1.2605	1.2644	1.2705
232	"Eritrea"	3.7765	3.2999	2.9222	2.6906	2.4917	2.3267	2.1875	2.0659	1.9567	1.8589	1.7717	1.6882	1.6168	1.5567	1.5034	1.4606	1.4275
231	"Ethiopia"	3.775	3.1209	2.6264	2.3366	2.1081	1.933	1.7867	1.6653	1.5656	1.4869	1.4232	1.3756	1.3385	1.3141	1.2959	1.2861	1.2798
404	"Kenya"	3.5237	3.0949	2.7618	2.564	2.3926	2.2416	2.1118	1.9917	1.883	1.7867	1.6999	1.6176	1.5472	1.4911	1.4432	1.4059	1.3766
450	"Madagascar"	3.8585	3.4456	3.1135	2.9051	2.7258	2.5703	2.4316	2.3104	2.1994	2.1012	2.012	1.9243	1.8459	1.772	1.7031	1.6435	1.5842
454	"Malawi"	4.2423	3.7497	3.3473	3.0869	2.8632	2.6691	2.4989	2.3517	2.2192	2.1027	1.9971	1.8989	1.8088	1.7264	1.6492	1.5857	1.5316
480	"Mauritius"	1.1834	1.0296	0.9713	1.0128	1.0508	1.0876	1.1184	1.1466	1.1716	1.1919	1.2103	1.2258	1.2402	1.2529	1.2629	1.2701	1.2787
175	"Mayotte"	3.4789	3.0238	2.6724	2.4613	2.2796	2.121	1.9775	1.8498	1.7358	1.6332	1.5494	1.4799	1.4254	1.3837	1.3522	1.3326	1.3195
508	"Mozambique"	4.8929	4.4306	4.0228	3.7248	3.4395	3.1772	2.9373	2.7244	2.5394	2.3761	2.2377	2.117	2.0134	1.9202	1.8361	1.765	1.6916
638	"R~A(c)union"	2.0235	1.7613	1.5741	1.5057	1.4556	1.4183	1.3923	1.3731	1.3607	1.3507	1.3455	1.342	1.3395	1.3385	1.338	1.3377	1.3396
646	"Rwanda"	3.5313	3.0394	2.6548	2.4183	2.2121	2.0308	1.8708	1.7309	1.609	1.5019	1.4192	1.3532	1.3067	1.2746	1.2549	1.2433	1.2405
690	"Seychelles"	2.0067	1.7522	1.5637	1.4949	1.4428	1.4043	1.3776	1.3583	1.3451	1.3371	1.3329	1.3297	1.3279	1.3283	1.3286	1.33	1.3304
706	"Somalia"	5.8735	5.2615	4.728	4.326	3.9522	3.619	3.3295	3.0717	2.8497	2.6549	2.4889	2.341	2.2119	2.0967	1.9926	1.8934	1.8064
728	"South Sudan"	4.4859	3.9562	3.5107	3.2059	2.941	2.7152	2.5219	2.358	2.2173	2.0952	1.9877	1.8915	1.8038	1.7228	1.6533	1.5901	1.5377
800	"Uganda"	5.2059	4.6225	4.1158	3.7413	3.4054	3.1121	2.856	2.6381	2.4538	2.2969	2.1623	2.0442	1.9381	1.8439	1.7591	1.6832	1.6137
834	"United Republic of Tanzania"	4.6737	4.2234	3.8432	3.5818	3.3401	3.1281	2.9368	2.7673	2.6187	2.4822	2.3652	2.2571	2.1593	2.07	1.99	1.9131	1.8382
894	"Zambia"	4.6505	4.2254	3.8711	3.6385	3.4256	3.2335	3.0604	2.909	2.7635	2.637	2.5214	2.4162	2.3204	2.2299	2.1451	2.0648	1.9872
716	"Zimbabwe"	3.3755	2.9222	2.5737	2.3714	2.1956	2.0434	1.9105	1.7918	1.6904	1.598	1.5254	1.4684	1.4217	1.3895	1.3637	1.3464	1.3331
911	"Middle Africa"	5.28926006557609	4.72310695752876	4.22101581708389	3.84200283738402	3.49825121975704	3.1888512267259	2.91950437571853	2.69020444550862	2.4937354597621	2.33101764389511	2.18747074766205	2.06288798140772	1.9565873937474	1.86196549473229	1.7796450072165	1.70793019224115	1.64554182866961
24	"Angola"	5.3392	4.8424	4.4107	4.0975	3.8087	3.5418	3.2981	3.0796	2.8847	2.7131	2.5619	2.4259	2.3053	2.1988	2.1	2.0095	1.9244
120	"Cameroon"	4.353	3.8878	3.5004	3.2492	3.0251	2.8329	2.6632	2.5121	2.3775	2.2612	2.1588	2.0602	1.9689	1.8845	1.8066	1.7345	1.6679
140	"Central African Republic"	4.5041	3.9878	3.5226	3.1822	2.8648	2.5969	2.3722	2.1849	2.0318	1.9049	1.8013	1.7104	1.6314	1.568	1.5155	1.4748	1.4381
148	"Chad"	5.5473	4.9106	4.3624	3.9511	3.5898	3.2706	2.9944	2.7583	2.5601	2.3905	2.2421	2.1094	1.9945	1.8897	1.794	1.7116	1.6353
178	"Congo"	4.3115	3.8853	3.5314	3.3036	3.0981	2.9152	2.7562	2.6131	2.4824	2.3713	2.2676	2.1717	2.0836	1.9987	1.924	1.8488	1.7825
180	"Democratic Republic of the Congo"	5.7135	5.0686	4.4797	4.0113	3.5872	3.2072	2.8844	2.6176	2.3936	2.2149	2.0569	1.9241	1.8136	1.715	1.6329	1.5642	1.5089
226	"Equatorial Guinea"	4.3043	3.7425	3.2698	2.9415	2.6665	2.4447	2.2569	2.1042	1.9775	1.865	1.7687	1.68	1.6084	1.5478	1.4981	1.4573	1.4233
266	"Gabon"	3.4304	3.0016	2.6693	2.4739	2.314	2.1785	2.0609	1.954	1.8598	1.7762	1.6992	1.6312	1.5688	1.5174	1.4751	1.4404	1.4129
678	"Sao Tome and Principe"	4.1105	3.6783	3.3236	3.0967	2.8975	2.7223	2.5669	2.4327	2.309	2.2005	2.1034	2.0156	1.9314	1.8567	1.7821	1.7148	1.6519
912	"Northern Africa"	2.83930629007458	2.51917600936547	2.28465099692803	2.17221183231438	2.06964757491767	1.97270974184287	1.89373577753886	1.83260115482787	1.78077327094504	1.73109040987579	1.67839292369126	1.63004261401267	1.59087857729567	1.56014653029122	1.53252173245308	1.50317114062722	1.47615731320303
12	"Algeria"	2.3998	2.0421	1.7913	1.6758	1.5912	1.5265	1.4784	1.4428	1.4159	1.3969	1.3836	1.3739	1.3663	1.361	1.3577	1.3565	1.3551
818	"Egypt"	2.9045	2.5625	2.3048	2.1706	2.0564	1.9529	1.8619	1.7779	1.6969	1.6298	1.5711	1.5214	1.4801	1.4473	1.4203	1.3994	1.3822
434	"Libya"	1.9579	1.6585	1.4448	1.3625	1.3078	1.2764	1.2597	1.2538	1.2532	1.258	1.2634	1.2693	1.2755	1.2821	1.2866	1.2928	1.2975
504	"Morocco"	2.1747	1.8832	1.6691	1.5761	1.5009	1.4413	1.3942	1.3608	1.3383	1.3221	1.3108	1.3045	1.3022	1.3004	1.3006	1.3015	1.3038
729	"Sudan"	4.1845	3.7457	3.387	3.1535	2.9464	2.767	2.6109	2.471	2.3455	2.2357	2.1342	2.0401	1.9534	1.8751	1.8036	1.7301	1.6668
788	"Tunisia"	1.8972	1.6617	1.4956	1.4442	1.4068	1.3819	1.3635	1.3502	1.3423	1.3377	1.3363	1.3344	1.3326	1.3326	1.3325	1.3337	1.3358
732	"Western Sahara"	2.1649	1.8619	1.6363	1.532	1.4455	1.3811	1.3317	1.2993	1.2759	1.2643	1.2594	1.2575	1.26	1.2632	1.2683	1.2726	1.2782
913	"Southern Africa"	2.2432643498691	1.96584494991228	1.7592018227231	1.66706568693781	1.58884941388939	1.5239101447743	1.46827538325677	1.4245433060321	1.38934891736657	1.36373210058946	1.34457445368548	1.32896329071425	1.31944615002225	1.31173734375114	1.30680484721476	1.30452696417838	1.30412011412093
72	"Botswana"	2.4014	2.0717	1.8285	1.7062	1.6015	1.5182	1.4504	1.3978	1.3601	1.332	1.3134	1.3026	1.2985	1.2955	1.294	1.2947	1.2972
426	"Lesotho"	2.7634	2.4095	2.1436	2.0106	1.8955	1.7983	1.7098	1.6351	1.5704	1.5108	1.465	1.4267	1.3951	1.3725	1.3544	1.3421	1.3321
516	"Namibia"	3.061	2.6758	2.3819	2.2174	2.0764	1.9553	1.8458	1.7478	1.6612	1.5856	1.521	1.4688	1.4293	1.3953	1.37	1.3524	1.3394
710	"South Africa"	2.1639	1.8958	1.6968	1.6103	1.5369	1.4765	1.4257	1.3874	1.3576	1.3378	1.3237	1.3121	1.3062	1.3017	1.2994	1.2991	1.3003
748	"Swaziland"	2.764	2.3856	2.1005	1.9476	1.8206	1.7086	1.6129	1.5315	1.464	1.4105	1.3695	1.3388	1.3188	1.3026	1.2937	1.2877	1.2844
914	"Western Africa"	4.95222892197599	4.47487410640386	4.0570614079016	3.75713866817787	3.48073615125402	3.22875467606643	2.99934947762902	2.7935018396027	2.60696834037265	2.44719653245919	2.30661672507659	2.18073686163886	2.06772156320284	1.96724651292938	1.87880902103022	1.79709596526026	1.72365652635695
204	"Benin"	4.6175	4.1403	3.743	3.4717	3.233	3.0197	2.8313	2.6671	2.5204	2.3952	2.2764	2.172	2.0757	1.9898	1.9055	1.8247	1.7525
854	"Burkina Faso"	4.9815	4.4337	3.9666	3.6267	3.3234	3.054	2.8188	2.621	2.4441	2.2973	2.1709	2.0581	1.9579	1.8674	1.7792	1.7026	1.6352
132	"Cabo Verde"	2.0385	1.7352	1.5162	1.424	1.3538	1.3009	1.2639	1.2401	1.2291	1.226	1.2254	1.2283	1.2355	1.2417	1.2495	1.2567	1.2641
384	"C~A'te d'Ivoire"	4.5615	4.1157	3.7491	3.5161	3.3039	3.1167	2.9488	2.7923	2.6561	2.5301	2.415	2.3049	2.2064	2.1112	2.027	1.9403	1.862
270	"Gambia"	5.0681	4.5536	4.0605	3.6658	3.2883	2.9406	2.6365	2.3829	2.1785	2.0121	1.879	1.7673	1.6742	1.5978	1.5373	1.4816	1.441
288	"Ghana"	3.6428	3.2358	2.9148	2.7255	2.5573	2.4146	2.2886	2.1744	2.0717	1.9787	1.8909	1.8082	1.7326	1.6667	1.6048	1.5512	1.5067
324	"Guinea"	4.4884	3.9712	3.5358	3.2362	2.9726	2.7504	2.5603	2.3932	2.2517	2.1274	2.0192	1.9212	1.8352	1.7541	1.6822	1.6147	1.5577
624	"Guinea-Bissau"	4.2635	3.7678	3.3526	3.0821	2.8499	2.6491	2.4804	2.3312	2.2001	2.0868	1.9818	1.8908	1.8039	1.7254	1.6529	1.5905	1.5369
430	"Liberia"	4.2306	3.7622	3.3762	3.1237	2.9048	2.7155	2.5513	2.4074	2.2774	2.1676	2.0644	1.9695	1.8827	1.8005	1.7264	1.6559	1.5956
466	"Mali"	5.6715	5.0639	4.5129	4.0777	3.6739	3.3072	2.9866	2.7182	2.4897	2.3059	2.1487	2.0122	1.898	1.794	1.7059	1.6321	1.5682
478	"Mauritania"	4.326	3.8931	3.5308	3.2937	3.0843	2.8966	2.729	2.5817	2.4531	2.3378	2.2308	2.1323	2.0462	1.9683	1.8872	1.8169	1.7481
562	"Niger"	6.9029	6.4251	5.9349	5.52	5.101	4.689	4.2919	3.9181	3.5751	3.2656	2.9855	2.7546	2.544	2.3692	2.2193	2.0888	1.9755
566	"Nigeria"	5.1668	4.679	4.2406	3.9124	3.6018	3.3148	3.0542	2.8235	2.6156	2.4429	2.2963	2.1646	2.0486	1.9468	1.8606	1.7796	1.706
686	"Senegal"	4.3974	3.9316	3.5523	3.3048	3.0864	2.8941	2.7271	2.5764	2.4413	2.3212	2.2123	2.1094	2.0163	1.9311	1.8452	1.7688	1.6957
694	"Sierra Leone"	4.069	3.4586	2.9701	2.6482	2.3972	2.1949	2.0316	1.8985	1.7798	1.6829	1.5995	1.5307	1.4732	1.4282	1.3936	1.365	1.3442
768	"Togo"	4.1015	3.6492	3.285	3.0496	2.8493	2.6775	2.5222	2.3882	2.2607	2.1519	2.0494	1.9539	1.8683	1.7896	1.7101	1.6425	1.5822
935	"ASIA"	1.8984866778947	1.70056569812932	1.5517865610488	1.49991507291519	1.45668867853992	1.42999935250239	1.41090114341648	1.38930507109375	1.36624285115396	1.34820614452693	1.33581204585218	1.32935733167626	1.32596747442153	1.3238974480976	1.32015486117936	1.3166793896317	1.31531658046477
906	"Eastern Asia"	1.36587235005788	1.23890905737493	1.17132584295112	1.2000838098495	1.21829013450976	1.22982366624085	1.24037772453658	1.25030033287785	1.25996316710208	1.27034218021202	1.27776464713105	1.28340412830259	1.28691374161999	1.29029239875371	1.29421967653948	1.29808375255411	1.30126282493262
156	"China"	1.3848	1.2636	1.1866	1.2055	1.2223	1.2362	1.2483	1.2578	1.2654	1.2735	1.2799	1.2863	1.2901	1.2932	1.2965	1.2995	1.3022
344	"China, Hong Kong SAR"	1.0762	1.0224	0.9995	1.06	1.1088	1.1487	1.182	1.207	1.229	1.2475	1.2608	1.2736	1.284	1.2923	1.2978	1.3046	1.3095
446	"China, Macao SAR"	1.0975	1.0649	1.0535	1.121	1.1726	1.2116	1.2435	1.267	1.2859	1.3015	1.3121	1.3205	1.3285	1.3346	1.3379	1.3432	1.3468
158	"China, Taiwan Province of China"	0.9677	0.913	0.8938	0.9614	1.0174	1.0645	1.1034	1.1372	1.1638	1.1852	1.2036	1.2197	1.2344	1.2465	1.2559	1.2632	1.2695
408	"Dem. People's Republic of Korea"	1.6434	1.4565	1.3294	1.307	1.2917	1.2817	1.2772	1.2761	1.2756	1.2762	1.281	1.2848	1.2885	1.292	1.2957	1.2996	1.3026
392	"Japan"	1.2276	1.1347	1.0809	1.1192	1.1508	1.1755	1.1964	1.2145	1.2291	1.2431	1.2534	1.2604	1.2697	1.2763	1.2818	1.2874	1.2909
496	"Mongolia"	2.4127	2.1217	1.9075	1.8114	1.733	1.6693	1.6178	1.5745	1.541	1.5125	1.4901	1.472	1.4572	1.4424	1.4323	1.4231	1.4165
410	"Republic of Korea"	1.0726	0.9986	0.9633	1.0196	1.0651	1.103	1.1345	1.1628	1.1856	1.2044	1.2217	1.2348	1.247	1.257	1.265	1.2728	1.278
921	"South-Central Asia"	2.14734548937282	1.87208056681839	1.66274518721596	1.57087361294602	1.50196782438377	1.45358240795227	1.41630611378137	1.38150973399252	1.35072085428233	1.32769860456721	1.31098511809326	1.30013824444894	1.2931916691566	1.28951505773666	1.28523813843939	1.28318575677153	1.28442014630018
5500	"Central Asia"	2.30715531646849	2.03445593630288	1.82486915326354	1.7270236519186	1.64834794623866	1.59622113115426	1.5542795382659	1.51442525424855	1.47479663213032	1.44143690677577	1.41305647017335	1.39139780910605	1.37489279540807	1.36356778176375	1.35393514888127	1.34414231472176	1.33567708713182
398	"Kazakhstan"	2.3209	2.0581	1.8591	1.7751	1.702	1.6404	1.5863	1.5399	1.5002	1.4685	1.4413	1.4184	1.3993	1.3856	1.3752	1.3641	1.3555
417	"Kyrgyzstan"	2.6587	2.3438	2.1088	1.9974	1.901	1.8153	1.7384	1.6696	1.6103	1.5583	1.5143	1.4779	1.4481	1.4238	1.4053	1.3895	1.3757
762	"Tajikistan"	3.0298	2.691	2.4277	2.2853	2.1577	2.0476	1.9453	1.8496	1.7604	1.6826	1.6121	1.5521	1.4968	1.4548	1.42	1.3933	1.3721
795	"Turkmenistan"	2.535	2.2136	1.9716	1.8541	1.7535	1.6661	1.5904	1.5282	1.4781	1.4372	1.4044	1.381	1.3636	1.3504	1.3406	1.3332	1.3297
860	"Uzbekistan"	1.9944	1.7309	1.5391	1.4652	1.4047	1.3614	1.3264	1.3041	1.2896	1.2819	1.2761	1.2744	1.2768	1.2798	1.2824	1.2853	1.2892
5501	"Southern Asia"	2.14058101761183	1.8648414039541	1.65617067808703	1.56579096228477	1.4976145548923	1.44848977831789	1.41043789595137	1.37558397404879	1.34550639352484	1.32328707881592	1.30708393951644	1.2963972893071	1.28950050735986	1.28596647013183	1.2819457711099	1.28034848994941	1.28207230672965
4	"Afghanistan"	4.1617	3.313	2.6889	2.3187	2.0582	1.8579	1.6962	1.5667	1.4641	1.3841	1.3283	1.2889	1.2627	1.2486	1.2431	1.2404	1.2412
50	"Bangladesh"	1.8173	1.538	1.3367	1.2584	1.202	1.1733	1.1591	1.1562	1.1634	1.1751	1.1904	1.2036	1.2162	1.229	1.2401	1.2512	1.2614
64	"Bhutan"	1.7654	1.4691	1.2611	1.1832	1.1369	1.1186	1.1202	1.1315	1.1483	1.1658	1.1835	1.201	1.2173	1.2319	1.2436	1.2538	1.264
356	"India"	2.0529	1.7905	1.5974	1.5192	1.454	1.4004	1.3604	1.3286	1.3046	1.2899	1.2797	1.2728	1.2693	1.2698	1.2697	1.2712	1.2756
364	"Iran (Islamic Republic of)"	1.3715	1.13	0.9981	1.019	1.0544	1.091	1.1203	1.1465	1.1698	1.1911	1.2092	1.2261	1.2398	1.2528	1.2619	1.2703	1.2782
462	"Maldives"	1.775	1.4724	1.2689	1.2096	1.1863	1.188	1.1982	1.2097	1.2229	1.2334	1.2445	1.2539	1.2643	1.273	1.2802	1.2867	1.2929
524	"Nepal"	1.8325	1.5343	1.3339	1.2628	1.2162	1.192	1.1822	1.184	1.1908	1.2006	1.2122	1.2224	1.2338	1.2441	1.2538	1.2624	1.2696
586	"Pakistan"	3.1267	2.6988	2.3772	2.1945	2.0438	1.9144	1.8047	1.7069	1.6214	1.5477	1.4846	1.4367	1.399	1.3701	1.3458	1.3297	1.3193
144	"Sri Lanka"	1.7788	1.5613	1.4056	1.3625	1.3315	1.3091	1.2954	1.288	1.2855	1.2826	1.2859	1.2873	1.2895	1.2915	1.2953	1.2995	1.3034
920	"South-Eastern Asia"	1.99961947520025	1.77754917079575	1.6062882602262	1.54749072044028	1.50192723001202	1.46503671767589	1.43465595128468	1.4079421592061	1.38344933755946	1.36380926562757	1.3502235996049	1.33981761117184	1.33205911667393	1.32626641004463	1.32172978230209	1.31899858588567	1.31776644877759
96	"Brunei Darussalam"	1.5982	1.4016	1.2643	1.2398	1.2225	1.2134	1.2134	1.2144	1.2203	1.2262	1.2352	1.2439	1.2533	1.26	1.2674	1.2743	1.2803
116	"Cambodia"	2.2738	1.9815	1.7669	1.6706	1.5885	1.5171	1.4574	1.41	1.372	1.3416	1.3215	1.3049	1.2937	1.2873	1.2837	1.2808	1.2806
360	"Indonesia"	2.0695	1.809	1.6159	1.5418	1.4814	1.4323	1.3957	1.3684	1.3493	1.335	1.3275	1.3202	1.3168	1.3156	1.3146	1.3149	1.3164
418	"Lao People's Democratic Republic"	2.3727	1.9942	1.7194	1.5778	1.465	1.3771	1.313	1.2704	1.2441	1.2334	1.2318	1.2339	1.2391	1.2466	1.2544	1.2613	1.2687
458	"Malaysia"	1.7605	1.5286	1.3642	1.3142	1.2796	1.2561	1.2441	1.2384	1.2365	1.2387	1.243	1.2473	1.2535	1.261	1.2669	1.2716	1.2785
104	"Myanmar"	1.9329	1.6787	1.4951	1.4235	1.3708	1.3299	1.302	1.2844	1.2734	1.2682	1.2665	1.2687	1.2716	1.2763	1.2804	1.2849	1.289
608	"Philippines"	2.6323	2.3357	2.1046	1.9929	1.8897	1.7956	1.7129	1.637	1.5655	1.5069	1.4579	1.4194	1.3878	1.3624	1.344	1.3304	1.3198
702	"Singapore"	1.0096	0.8834	0.8046	0.8228	0.8398	0.8535	0.8667	0.8797	0.8915	0.9011	0.9103	0.9182	0.928	0.9333	0.9386	0.9442	0.9491
764	"Thailand"	1.2078	1.0143	0.9344	0.9738	1.0149	1.0535	1.088	1.12	1.1468	1.1715	1.1924	1.2118	1.2265	1.2406	1.2516	1.2614	1.2693
626	"Timor-Leste"	5.087	4.407	3.8329	3.4211	3.0727	2.784	2.543	2.3469	2.1769	2.0385	1.9149	1.8037	1.71	1.6233	1.555	1.4977	1.4516
704	"Viet Nam"	1.696	1.5335	1.4228	1.4158	1.4105	1.4064	1.4028	1.4003	1.3981	1.3967	1.3957	1.395	1.3934	1.3932	1.3929	1.3927	1.3916
922	"Western Asia"	2.48987380199541	2.21310600052151	2.01087702510428	1.92270858149842	1.84576861640164	1.78431992378842	1.73510081039558	1.6924034791763	1.65195677923944	1.61869252284407	1.58866430360965	1.56726151131153	1.54869429946429	1.53088638378456	1.51079674949284	1.48851599298744	1.46761833623997
51	"Armenia"	1.351	1.1814	1.0892	1.1041	1.1215	1.1404	1.1592	1.1769	1.1926	1.2086	1.2239	1.2359	1.2469	1.2572	1.2663	1.2723	1.2798
31	"Azerbaijan"	1.7858	1.5817	1.4366	1.4014	1.3718	1.3502	1.3347	1.3231	1.314	1.3104	1.3088	1.308	1.3097	1.3118	1.3123	1.3129	1.3161
48	"Bahrain"	1.7482	1.4904	1.3041	1.2404	1.1933	1.168	1.1572	1.1559	1.1644	1.1744	1.1883	1.2024	1.2143	1.2282	1.2392	1.2506	1.2588
196	"Cyprus"	1.0875	0.9464	0.8986	0.9507	0.9986	1.0418	1.0783	1.1128	1.1409	1.1673	1.189	1.2064	1.2228	1.2374	1.2473	1.258	1.2675
268	"Georgia"	1.7206	1.5467	1.4269	1.4104	1.396	1.3863	1.3771	1.37	1.3645	1.36	1.3559	1.3534	1.3524	1.3497	1.3481	1.3474	1.3452
368	"Iraq"	4.016	3.6127	3.2872	3.0818	2.9039	2.7488	2.6099	2.4868	2.3682	2.2677	2.1685	2.0802	1.9951	1.9159	1.8396	1.7659	1.7005
376	"Israel"	2.6702	2.4077	2.2053	2.1137	2.0277	1.9485	1.8674	1.7974	1.7295	1.6657	1.6111	1.5622	1.5232	1.4893	1.4604	1.4365	1.4158
400	"Jordan"	3.0145	2.5992	2.2835	2.1048	1.9533	1.8211	1.7087	1.608	1.5276	1.4597	1.4094	1.3717	1.3441	1.3246	1.3125	1.3048	1.301
414	"Kuwait"	1.7166	1.5132	1.3793	1.3542	1.3366	1.3264	1.321	1.3179	1.3156	1.3159	1.317	1.3192	1.3211	1.3234	1.3255	1.3275	1.3288
422	"Lebanon"	1.4538	1.2945	1.1897	1.1877	1.1889	1.1948	1.2019	1.2097	1.2206	1.2283	1.2382	1.2472	1.257	1.2637	1.2706	1.2779	1.2845
512	"Oman"	2.2873	1.8842	1.5894	1.4468	1.3396	1.2709	1.2359	1.2227	1.2253	1.2324	1.24	1.2471	1.2562	1.2645	1.2714	1.2783	1.2858
634	"Qatar"	1.6305	1.3816	1.2071	1.1577	1.1289	1.1201	1.1208	1.134	1.1488	1.1645	1.1831	1.1988	1.2152	1.2286	1.24	1.2511	1.2602
682	"Saudi Arabia"	2.2308	1.8945	1.6429	1.5203	1.4196	1.3399	1.2839	1.2472	1.2254	1.2141	1.212	1.2164	1.2235	1.2312	1.2402	1.2493	1.2565
275	"State of Palestine"	3.6597	3.2119	2.858	2.6405	2.4586	2.306	2.1731	2.0559	1.9477	1.8531	1.7648	1.6879	1.6192	1.5598	1.5105	1.4658	1.4305
760	"Syrian Arab Republic"	2.5898	2.2275	1.9521	1.8018	1.6727	1.5635	1.4729	1.4011	1.3473	1.3086	1.2829	1.2682	1.2614	1.2574	1.2575	1.2607	1.2662
792	"Turkey"	1.7743	1.5425	1.3766	1.3263	1.2897	1.2674	1.2509	1.242	1.2392	1.2421	1.2442	1.2517	1.2568	1.2634	1.2688	1.275	1.2821
784	"United Arab Emirates"	1.475	1.2536	1.1123	1.0955	1.0956	1.108	1.1259	1.1463	1.165	1.1838	1.1995	1.2172	1.2294	1.2427	1.2531	1.2621	1.2705
887	"Yemen"	3.5872	3.0074	2.5663	2.2916	2.0581	1.8569	1.6853	1.5337	1.4111	1.3178	1.2482	1.2026	1.1786	1.1708	1.1744	1.1842	1.196
908	"EUROPE"	1.37590020864906	1.25846026977242	1.19344377418876	1.22161148103638	1.24644880658994	1.26707863657683	1.28283742551638	1.29424576251227	1.30322612700935	1.31106305717548	1.31816294247645	1.32396188261474	1.32848717891915	1.33247944597342	1.33591734666755	1.3386032601912	1.34161398608142
923	"Eastern Europe"	1.36088709022345	1.24775292969921	1.18520358233689	1.21896174569796	1.25112018345193	1.27744636370325	1.29734622807413	1.31134882714483	1.32277883205767	1.33195351697843	1.34038720582908	1.34768152463114	1.35297675459459	1.35853466820709	1.3614854581095	1.36352526493963	1.36710691235966
112	"Belarus"	1.4562	1.3526	1.2862	1.3109	1.3296	1.3432	1.3547	1.3618	1.3673	1.3734	1.3765	1.3799	1.3814	1.3837	1.3864	1.3851	1.3882
100	"Bulgaria"	1.3341	1.2423	1.1875	1.2214	1.2488	1.2705	1.2873	1.3007	1.311	1.3196	1.3265	1.3315	1.336	1.3391	1.3418	1.3439	1.3465
203	"Czechia"	1.316	1.2308	1.1796	1.2175	1.2467	1.2694	1.2873	1.3009	1.3118	1.3205	1.3274	1.3341	1.3387	1.3421	1.3442	1.3453	1.3478
348	"Hungary"	1.1468	1.0499	0.9954	1.0332	1.0666	1.0966	1.1205	1.1405	1.1579	1.1733	1.1874	1.1984	1.2075	1.2165	1.2246	1.2308	1.2376
616	"Poland"	1.0397	0.8965	0.8564	0.9139	0.9683	1.0154	1.0589	1.0951	1.1285	1.1546	1.1778	1.1981	1.2148	1.2306	1.2419	1.2524	1.2612
498	"Republic of Moldova"	0.9795	0.8424	0.8124	0.8764	0.935	0.9899	1.0379	1.0788	1.114	1.1434	1.1686	1.1903	1.2098	1.2248	1.2367	1.2478	1.2573
642	"Romania"	1.2898	1.1841	1.1204	1.1503	1.1774	1.1986	1.2155	1.2307	1.2416	1.2522	1.2603	1.2683	1.2742	1.2803	1.2839	1.2886	1.292
643	"Russian Federation"	1.5011	1.3895	1.3168	1.3367	1.3531	1.3653	1.3744	1.3805	1.3859	1.3894	1.3931	1.3959	1.3975	1.4006	1.4013	1.4008	1.4023
703	"Slovakia"	1.2123	1.1212	1.0691	1.1098	1.1425	1.1698	1.1928	1.2118	1.2276	1.2402	1.2512	1.2611	1.2686	1.2769	1.2807	1.2856	1.2899
804	"Ukraine"	1.3072	1.21	1.1524	1.1865	1.2144	1.2367	1.255	1.2688	1.2808	1.2906	1.2975	1.3043	1.3096	1.3144	1.3169	1.3198	1.325
924	"Northern Europe"	1.60353691892804	1.45574446827524	1.35680088161422	1.35707718549484	1.35905094073421	1.3614255352716	1.3627259316711	1.36393606034213	1.36465913246527	1.36506326078313	1.36578307318601	1.36584235182221	1.36617883766623	1.36691363030128	1.36720864742075	1.36686061012471	1.36676645370547
830	"Channel Islands"	1.2358	1.1107	1.0327	1.0532	1.0701	1.0869	1.1025	1.1154	1.1274	1.1384	1.1468	1.155	1.1638	1.171	1.1775	1.1838	1.1876
208	"Denmark"	1.5121	1.3837	1.3002	1.3129	1.3224	1.3303	1.3369	1.3416	1.345	1.3486	1.3512	1.3524	1.3543	1.3554	1.3556	1.3575	1.3575
233	"Estonia"	1.409	1.3064	1.2411	1.2667	1.2849	1.2998	1.312	1.3207	1.3286	1.3336	1.338	1.3416	1.3451	1.3467	1.3466	1.3487	1.3496
246	"Finland"	1.5316	1.3906	1.2974	1.3041	1.3094	1.3149	1.3182	1.32	1.3243	1.3267	1.329	1.3295	1.3302	1.3325	1.3335	1.3337	1.3339
352	"Iceland"	1.6712	1.4763	1.3425	1.3158	1.297	1.2849	1.2792	1.2749	1.2744	1.2755	1.2774	1.2804	1.2829	1.2864	1.2893	1.294	1.298
372	"Ireland"	1.73	1.5664	1.4567	1.4485	1.4423	1.4369	1.4333	1.4301	1.4268	1.4253	1.4217	1.421	1.42	1.4174	1.4161	1.4159	1.4144
428	"Latvia"	1.3202	1.2253	1.1689	1.2031	1.2287	1.2502	1.2674	1.2815	1.2929	1.3009	1.3085	1.3131	1.3186	1.3227	1.325	1.328	1.3298
440	"Lithuania"	1.4105	1.309	1.2458	1.273	1.2941	1.3114	1.3242	1.3343	1.3428	1.3487	1.3529	1.3572	1.3612	1.3643	1.3648	1.3667	1.3682
578	"Norway"	1.5775	1.4335	1.3385	1.3429	1.346	1.3492	1.3522	1.3549	1.3567	1.3584	1.3597	1.3607	1.3619	1.3611	1.3627	1.3627	1.3626
752	"Sweden"	1.6594	1.5139	1.418	1.4203	1.4224	1.4241	1.4256	1.4273	1.4293	1.4303	1.4307	1.4307	1.4305	1.43	1.4297	1.4295	1.4299
826	"United Kingdom"	1.6208	1.4657	1.3624	1.3597	1.3591	1.3585	1.3576	1.3579	1.358	1.358	1.3586	1.3579	1.3574	1.358	1.3581	1.3574	1.3574
925	"Southern Europe"	1.20179631845504	1.0877215344659	1.02523253552029	1.05836715762144	1.09164726249511	1.12451561278066	1.15241118173557	1.17358657347848	1.19001756660903	1.20381712656083	1.21578431240026	1.22731719540073	1.23748432100602	1.24545765980266	1.25270680548413	1.2594791514826	1.2651441471741
8	"Albania"	1.4546	1.2978	1.1957	1.1955	1.1989	1.2037	1.2121	1.2201	1.2292	1.2385	1.247	1.2546	1.2625	1.2698	1.2776	1.2839	1.2884
70	"Bosnia and Herzegovina"	1.1358	1.0482	1.002	1.0482	1.0887	1.1213	1.1495	1.1743	1.1957	1.2127	1.2273	1.2401	1.251	1.2603	1.2682	1.2754	1.2809
191	"Croatia"	1.1961	1.0518	0.9905	1.027	1.063	1.0962	1.1262	1.1515	1.1741	1.1944	1.2114	1.2264	1.24	1.2506	1.2598	1.2684	1.2761
300	"Greece"	1.0524	0.9108	0.87	0.9253	0.9773	1.0228	1.0643	1.101	1.1318	1.1593	1.1825	1.2016	1.2182	1.2322	1.2449	1.2555	1.2649
380	"Italy"	1.2413	1.1423	1.0846	1.1203	1.1498	1.1737	1.1941	1.2112	1.2258	1.2388	1.2487	1.2577	1.2658	1.2711	1.2769	1.2812	1.2857
470	"Malta"	1.2247	1.1239	1.0678	1.1056	1.1371	1.1639	1.1863	1.2063	1.2227	1.2379	1.2492	1.2593	1.2685	1.2763	1.282	1.2885	1.2944
499	"Montenegro"	1.4065	1.2352	1.1375	1.1458	1.159	1.1721	1.1871	1.2015	1.214	1.2268	1.2386	1.2488	1.2583	1.2669	1.2746	1.2812	1.2872
620	"Portugal"	0.9908	0.8482	0.8124	0.8759	0.9343	0.9875	1.0362	1.0766	1.1131	1.1418	1.1684	1.1897	1.2083	1.223	1.236	1.2479	1.2571
688	"Serbia"	1.37	1.2439	1.1657	1.1838	1.2016	1.2163	1.2303	1.2427	1.2523	1.2624	1.2692	1.2765	1.2837	1.2894	1.2928	1.2971	1.3019
705	"Slovenia"	1.3876	1.2832	1.2201	1.248	1.2698	1.287	1.3013	1.3123	1.3204	1.3281	1.3345	1.3372	1.3414	1.3446	1.3482	1.3509	1.3534
724	"Spain"	1.1408	1.0424	0.9842	1.0213	1.054	1.0819	1.1053	1.1265	1.1441	1.1586	1.1718	1.1844	1.1937	1.202	1.209	1.2179	1.2247
807	"TFYR Macedonia"	1.2957	1.1814	1.112	1.1383	1.1624	1.1827	1.2007	1.2184	1.2322	1.2439	1.2541	1.2636	1.2726	1.2774	1.2853	1.291	1.296
926	"Western Europe"	1.43718054772248	1.31083596520101	1.23659779838986	1.25627716482791	1.26903474756221	1.2764620671245	1.28428659506147	1.29385096986053	1.30366400198315	1.3120646061814	1.31662454374008	1.3185449321901	1.32100707102311	1.32371726714538	1.32841173811272	1.3317586733122	1.33453762400482
40	"Austria"	1.2606	1.1605	1.1009	1.1339	1.1614	1.1847	1.2035	1.2204	1.2334	1.2453	1.2542	1.2637	1.2704	1.2768	1.2823	1.287	1.2895
56	"Belgium"	1.5488	1.4123	1.3241	1.331	1.3393	1.3458	1.3498	1.3547	1.357	1.3595	1.3613	1.3636	1.3641	1.3664	1.3668	1.3673	1.3679
250	"France"	1.7234	1.5662	1.4603	1.4558	1.4527	1.4509	1.4492	1.4473	1.4462	1.446	1.4445	1.4445	1.4447	1.4434	1.443	1.4399	1.4412
276	"Germany"	1.2199	1.1071	1.0393	1.0657	1.0911	1.1122	1.1315	1.1477	1.1622	1.1753	1.187	1.1949	1.2042	1.21	1.217	1.2236	1.2281
442	"Luxembourg"	1.3443	1.2305	1.1594	1.1822	1.2013	1.2173	1.2301	1.2413	1.2487	1.257	1.2633	1.2679	1.2715	1.276	1.2788	1.2826	1.2844
528	"Netherlands"	1.4999	1.3642	1.2769	1.2864	1.2953	1.3034	1.3077	1.3137	1.317	1.3213	1.324	1.3266	1.3292	1.3317	1.3323	1.3334	1.3348
756	"Switzerland"	1.2988	1.169	1.0868	1.1018	1.1163	1.1285	1.1396	1.1487	1.1588	1.1663	1.1741	1.1811	1.1859	1.1907	1.1952	1.1994	1.2028
904	"LATIN AMERICA AND THE CARIBBEAN"	1.78657138612844	1.5517098979766	1.38623656151698	1.33823732605044	1.30460210568456	1.28336946430288	1.27004018930079	1.26187821269339	1.25709316544043	1.25713735749804	1.25828441629198	1.26186047928705	1.26621972015623	1.27017873936331	1.27451751570143	1.27916636920548	1.28348018202161
915	"Caribbean"	1.9499373514354	1.72617396268975	1.55991929321455	1.50050315263817	1.4473441539977	1.40508887041174	1.36847917781134	1.33953611183302	1.31610289093315	1.30041224308989	1.2912281986996	1.28577823174646	1.2832214865505	1.28217491754386	1.28334333140044	1.28497944305101	1.28685405409219
28	"Antigua and Barbuda"	1.7842	1.5848	1.4426	1.4044	1.3746	1.3521	1.3364	1.3256	1.3177	1.3129	1.3118	1.3096	1.3101	1.3105	1.3112	1.3126	1.3145
533	"Aruba"	1.5455	1.3918	1.2893	1.2895	1.2906	1.2927	1.296	1.2992	1.302	1.3044	1.3073	1.3111	1.3154	1.3168	1.3192	1.321	1.3237
44	"Bahamas"	1.5051	1.3221	1.2086	1.2015	1.2028	1.2065	1.2132	1.2208	1.228	1.237	1.2459	1.2532	1.2606	1.2682	1.2745	1.2801	1.285
52	"Barbados"	1.5491	1.4056	1.3118	1.3164	1.3211	1.3259	1.329	1.3331	1.3345	1.3377	1.3391	1.3416	1.3428	1.3432	1.3443	1.3448	1.3455
192	"Cuba"	1.4665	1.3258	1.2342	1.2432	1.2502	1.2579	1.2639	1.2702	1.276	1.2823	1.2875	1.2918	1.2958	1.2986	1.3033	1.3062	1.3086
531	"Cura~ASSao"	1.768	1.5759	1.444	1.4173	1.3964	1.3809	1.3684	1.36	1.3522	1.3477	1.3461	1.3441	1.3428	1.3422	1.3413	1.3415	1.34
214	"Dominican Republic"	2.1278	1.8458	1.6295	1.5309	1.4486	1.3833	1.3353	1.3009	1.2781	1.2649	1.2599	1.2576	1.2596	1.2626	1.2668	1.2713	1.2752
308	"Grenada"	1.8232	1.5778	1.3997	1.3413	1.302	1.2733	1.2551	1.2489	1.2458	1.247	1.2518	1.2566	1.2617	1.2688	1.2751	1.2803	1.2858
312	"Guadeloupe"	1.6704	1.4705	1.343	1.3256	1.3131	1.3059	1.302	1.3013	1.3039	1.3053	1.3087	1.3112	1.3156	1.3191	1.3202	1.3227	1.3249
332	"Haiti"	2.5979	2.228	1.9578	1.8202	1.7034	1.6091	1.5254	1.4599	1.4045	1.3645	1.3352	1.3141	1.299	1.2897	1.2858	1.2837	1.2825
388	"Jamaica"	1.741	1.5165	1.3622	1.3218	1.2939	1.2773	1.2666	1.2629	1.2624	1.2631	1.2671	1.2713	1.2777	1.2826	1.286	1.2907	1.2954
474	"Martinique"	1.6309	1.4388	1.3171	1.3041	1.2984	1.2933	1.2916	1.2953	1.2975	1.2999	1.3047	1.3084	1.3106	1.3132	1.3172	1.3195	1.3229
630	"Puerto Rico"	1.2195	1.0541	0.9799	1.013	1.0459	1.0789	1.1078	1.1349	1.1583	1.1792	1.1983	1.2153	1.2271	1.2402	1.2517	1.2612	1.2692
662	"Saint Lucia"	1.1942	1.0108	0.9189	0.9489	0.9857	1.0257	1.0617	1.0961	1.1283	1.1551	1.1779	1.1971	1.2145	1.2284	1.2413	1.2525	1.2621
670	"Saint Vincent and the Grenadines"	1.6519	1.4122	1.2506	1.2114	1.1905	1.1845	1.1871	1.1957	1.2038	1.2147	1.2253	1.2365	1.2462	1.2545	1.2636	1.2724	1.2801
780	"Trinidad and Tobago"	1.4799	1.2888	1.1767	1.1747	1.1793	1.1884	1.1994	1.2109	1.2236	1.2339	1.2447	1.2544	1.2629	1.2701	1.2772	1.2851	1.2892
850	"United States Virgin Islands"	1.9366	1.6873	1.511	1.4532	1.4083	1.3775	1.3546	1.3401	1.33	1.3242	1.3203	1.3202	1.32	1.3197	1.3198	1.322	1.3237
916	"Central America"	1.96666891419526	1.68338941399901	1.47430376980774	1.39291980292985	1.33527589002642	1.29865851218538	1.27469691206898	1.26270834305299	1.25489707950169	1.25467157968293	1.25524054992522	1.25822231159894	1.26293194943143	1.26714162373275	1.27278318966679	1.2773296752682	1.28131486403846
84	"Belize"	2.209	1.9133	1.6921	1.5921	1.5088	1.4397	1.3848	1.3412	1.3119	1.2898	1.2764	1.2684	1.264	1.2643	1.2658	1.2681	1.271
188	"Costa Rica"	1.5139	1.3002	1.1704	1.163	1.1651	1.1749	1.1846	1.197	1.2071	1.2206	1.2325	1.2437	1.2548	1.2633	1.2711	1.278	1.2843
222	"El Salvador"	1.8029	1.5534	1.3738	1.3119	1.2654	1.2328	1.2155	1.2072	1.2061	1.2078	1.2147	1.2218	1.2298	1.2373	1.2473	1.2559	1.2635
320	"Guatemala"	2.6489	2.2682	1.9901	1.8491	1.7362	1.6416	1.5612	1.4926	1.4398	1.3954	1.3632	1.3373	1.3204	1.3069	1.299	1.2932	1.2891
340	"Honduras"	2.1648	1.844	1.6163	1.5132	1.431	1.3694	1.3201	1.2851	1.2607	1.2513	1.2424	1.2412	1.242	1.2463	1.2511	1.257	1.2612
484	"Mexico"	1.8864	1.6037	1.3934	1.3147	1.2611	1.2311	1.2157	1.2142	1.2147	1.223	1.2303	1.2396	1.2494	1.2578	1.267	1.274	1.2799
558	"Nicaragua"	1.9106	1.6294	1.4305	1.3491	1.2939	1.2558	1.233	1.2246	1.2209	1.2254	1.2309	1.2363	1.2457	1.2537	1.2619	1.2689	1.2759
591	"Panama"	2.2188	1.9548	1.7579	1.6701	1.5941	1.5337	1.4812	1.4374	1.4035	1.3799	1.36	1.3468	1.3381	1.3317	1.3275	1.3244	1.3219
931	"South America"	1.69276527563338	1.47451681027374	1.32769897879983	1.29605349209724	1.27549543408391	1.26344579114732	1.25750958851769	1.2534788949293	1.25234932313122	1.25425596700475	1.25672336153992	1.26143050279736	1.26624603194782	1.27055950550842	1.27458662922263	1.27958956511295	1.28428233659033
32	"Argentina"	2.0183	1.7956	1.6289	1.5681	1.5139	1.4681	1.4323	1.4019	1.3781	1.3619	1.3482	1.3403	1.3333	1.3269	1.324	1.3212	1.3198
68	"Bolivia (Plurinational State of)"	2.5754	2.2465	2.0029	1.8828	1.7806	1.6902	1.6122	1.5443	1.4878	1.4406	1.4035	1.3732	1.3513	1.3344	1.3211	1.3121	1.3047
76	"Brazil"	1.4548	1.2496	1.1196	1.1096	1.1108	1.1185	1.1344	1.1497	1.1663	1.1835	1.1985	1.214	1.2282	1.2393	1.2486	1.259	1.2675
152	"Chile"	1.5145	1.3354	1.2261	1.2225	1.2216	1.2267	1.231	1.2391	1.2469	1.2561	1.2616	1.2704	1.2766	1.2829	1.2901	1.2935	1.2992
170	"Colombia"	1.5774	1.3422	1.1908	1.1642	1.1547	1.1594	1.169	1.1821	1.1952	1.2088	1.2215	1.2345	1.2442	1.255	1.264	1.2726	1.2793
218	"Ecuador"	2.1944	1.9217	1.7138	1.6197	1.5389	1.4703	1.4148	1.371	1.3391	1.3159	1.2991	1.2897	1.2837	1.2809	1.2801	1.281	1.2842
254	"French Guiana"	3.0136	2.6988	2.459	2.3367	2.2329	2.1401	2.0567	1.9776	1.9044	1.8374	1.7718	1.7104	1.6562	1.6121	1.5699	1.534	1.5042
328	"Guyana"	2.2228	1.9591	1.7587	1.669	1.5905	1.5269	1.4733	1.4303	1.3957	1.3719	1.3541	1.3408	1.3324	1.3262	1.321	1.3185	1.3183
600	"Paraguay"	2.1955	1.9213	1.7169	1.6259	1.5519	1.4846	1.4302	1.3862	1.3513	1.3247	1.3056	1.294	1.2867	1.2805	1.2778	1.2782	1.279
604	"Peru"	2.1036	1.8262	1.6155	1.5214	1.4442	1.3842	1.337	1.3026	1.2813	1.2691	1.262	1.2585	1.2587	1.2613	1.2647	1.27	1.2746
740	"Suriname"	2.0863	1.8247	1.6293	1.5467	1.4764	1.4218	1.3795	1.3505	1.329	1.3148	1.3066	1.2998	1.2983	1.2969	1.2977	1.2986	1.3006
858	"Uruguay"	1.7286	1.5339	1.3979	1.3669	1.3432	1.3267	1.3152	1.3061	1.3011	1.2999	1.3003	1.3003	1.3031	1.3051	1.3051	1.3093	1.3106
862	"Venezuela (Bolivarian Republic of)"	2.033	1.774	1.5813	1.4988	1.433	1.384	1.3443	1.3179	1.2993	1.2883	1.2823	1.2794	1.2787	1.2803	1.2811	1.2841	1.2882
905	"NORTHERN AMERICA"	1.60504028938542	1.46006721213527	1.3678789065635	1.37409499369073	1.37816289091866	1.3833750831511	1.38719583167817	1.39197305479082	1.39516088958653	1.39724509734839	1.39943388962802	1.40074622712694	1.40330739108949	1.40405377553719	1.40494881615474	1.4062642793974	1.40519397524889
124	"Canada"	1.3133	1.1574	1.0765	1.0977	1.1212	1.1422	1.163	1.1834	1.1997	1.2152	1.2292	1.2421	1.2514	1.2606	1.2682	1.2752	1.2831
840	"United States of America"	1.6364	1.4932	1.3986	1.4031	1.4062	1.4104	1.4119	1.4143	1.4159	1.4168	1.4182	1.4187	1.4207	1.4204	1.4204	1.4211	1.4192
909	"OCEANIA"	2.08435611700169	1.87819399471839	1.7233609097505	1.67029759233883	1.628756203293	1.59671191614072	1.56864094145612	1.54196416705119	1.51527512684743	1.48893409755998	1.46443037062512	1.44239620763321	1.42225739571841	1.40416748955357	1.38691198690924	1.37232152630503	1.36059416184553
927	"Australia/New Zealand"	1.60558007559126	1.42241939017542	1.30075591436	1.28318687433047	1.27427270150847	1.26921251516345	1.26797500180879	1.26751898423833	1.26972082186579	1.27376362896462	1.2776876562351	1.28300954829107	1.28656644801182	1.29100314073136	1.29488257887733	1.29876870773019	1.30336223219254
36	"Australia"	1.5816	1.4018	1.2845	1.2705	1.2647	1.262	1.2627	1.263	1.2664	1.2715	1.276	1.2819	1.2859	1.2906	1.2946	1.2985	1.3033
554	"New Zealand"	1.7242	1.5253	1.3859	1.3544	1.3323	1.3155	1.3024	1.2967	1.2916	1.2899	1.2914	1.2937	1.2942	1.2962	1.2986	1.3021	1.3053
928	"Melanesia"	3.20019729857577	2.85261786149234	2.58014503871034	2.43266302830282	2.30338533280101	2.19066198601183	2.08781269442426	1.99925221886202	1.9166074250336	1.83895455594727	1.76865426071527	1.70117056750239	1.64051356472644	1.58506727522427	1.53483444578073	1.49291880840363	1.45711823601763
242	"Fiji"	2.2318	1.9687	1.7684	1.6787	1.5988	1.5317	1.4749	1.4303	1.3966	1.3679	1.3493	1.3374	1.3271	1.3223	1.3175	1.3147	1.3134
540	"New Caledonia"	1.8918	1.6541	1.4873	1.4324	1.3902	1.3597	1.3387	1.324	1.3165	1.3108	1.3077	1.3073	1.3084	1.3098	1.31	1.3108	1.3131
598	"Papua New Guinea"	3.3383	2.9686	2.6772	2.5157	2.3759	2.2539	2.142	2.0458	1.9567	1.8734	1.7984	1.7263	1.6618	1.6028	1.5495	1.505	1.467
90	"Solomon Islands"	3.5198	3.1184	2.804	2.6194	2.4591	2.3203	2.1914	2.0789	1.9722	1.8782	1.7884	1.7071	1.6338	1.5697	1.5129	1.4694	1.433
548	"Vanuatu"	2.9718	2.655	2.4078	2.2802	2.1648	2.0616	1.9679	1.8816	1.8028	1.7272	1.6614	1.5981	1.5425	1.495	1.4571	1.4242	1.3978
954	"Micronesia"	2.58854505807971	2.24902269715714	2.00651755577761	1.91893928173646	1.86952910804311	1.82864351955707	1.77465844544943	1.71478739290568	1.66046826666677	1.61484336179591	1.57912816118821	1.54859685120302	1.52224784461319	1.49293728136525	1.46370564478241	1.43945335261502	1.41964839106079
316	"Guam"	2.0693	1.8296	1.6473	1.5765	1.5166	1.4658	1.4243	1.3933	1.369	1.3507	1.3379	1.3275	1.3228	1.319	1.3153	1.3152	1.3152
296	"Kiribati"	3.3336	2.9999	2.7381	2.5948	2.4665	2.3529	2.2527	2.1583	2.0691	1.9886	1.9104	1.834	1.7667	1.7024	1.6408	1.5873	1.5413
583	"Micronesia (Fed. States of)"	2.8263	2.468	2.1981	2.0536	1.9311	1.8245	1.7294	1.6459	1.5737	1.5116	1.4576	1.4134	1.38	1.3542	1.3348	1.3219	1.3112
957	"Polynesia"	2.55536878760102	2.28075614466945	2.09433208053489	2.02594485511213	1.96042448891986	1.89141550390127	1.82600550074252	1.77078969137277	1.72848437354984	1.68903459769184	1.6475329290955	1.60240118230169	1.55800972242706	1.51664980556024	1.48189685131177	1.45173162928288	1.42607889188089
258	"French Polynesia"	1.7402	1.5173	1.361	1.3169	1.2846	1.2619	1.2448	1.2361	1.2328	1.234	1.2374	1.2432	1.2486	1.2555	1.2604	1.2676	1.2726
882	"Samoa"	3.6529	3.2684	2.9666	2.7886	2.6287	2.4903	2.3646	2.2511	2.1494	2.0502	1.9583	1.8699	1.791	1.7152	1.6479	1.5846	1.5329
776	"Tonga"	3.3263	2.9879	2.7218	2.5737	2.4458	2.3263	2.2191	2.119	2.0299	1.9441	1.8619	1.7855	1.7163	1.6512	1.5933	1.5433	1.5023
