"country_code"	"name"	"2015-2020"	"2020-2025"	"2025-2030"	"2030-2035"	"2035-2040"	"2040-2045"	"2045-2050"	"2050-2055"	"2055-2060"	"2060-2065"	"2065-2070"	"2070-2075"	"2075-2080"	"2080-2085"	"2085-2090"	"2090-2095"	"2095-2100"
900	"WORLD"	2.47356936191282	2.43406869681907	2.39352826983651	2.34847644943439	2.30560137097417	2.27082196879081	2.2400274217541	2.2079662967552	2.17349712383936	2.14133127945882	2.11133430307601	2.08399047704373	2.05867490045063	2.03458927955901	2.01089724233824	1.98766757364837	1.96567337998883
901	"More developed regions"	1.69139743168586	1.7172424858942	1.7487012406424	1.76998729026432	1.78612856567092	1.80069838975725	1.81341317005535	1.82410110506291	1.83171377977994	1.83751815744428	1.84268860101603	1.8472589963622	1.85228581755571	1.8560959415775	1.8589599649913	1.86119850287714	1.86260582398231
902	"Less developed regions"	2.58803012671377	2.53112310022417	2.47728681852333	2.42145609675872	2.36884287652177	2.32633209473363	2.28911812715527	2.25084059094098	2.21084772365866	2.17441643583719	2.14065386704808	2.10969889534709	2.08079086167729	2.05342536801379	2.02677033711017	2.00088576897258	1.97654489976838
941	"Least developed countries"	4.01342292076259	3.75761225273511	3.54083546503093	3.3563529405031	3.19426082956461	3.0490981591261	2.91530263258883	2.79431221591037	2.68540844297715	2.58993051627466	2.50349604258315	2.42484335027145	2.35305189055836	2.28727762269626	2.22700982279328	2.17198956114283	2.12115082478249
934	"Less developed regions, excluding least developed countries"	2.31592944299758	2.26746020122235	2.22182391917186	2.17295077009026	2.1287651799826	2.09796869710665	2.07500281213256	2.05044411251554	2.02326426661686	1.99970603484514	1.97948356693417	1.96246644890715	1.94736621664033	1.93359374548676	1.92001440704807	1.90652588015679	1.89445254179832
948	"Less developed regions, excluding China"	2.83775453094158	2.72576229596771	2.62910304170181	2.54476492328538	2.4727275494935	2.41364250919319	2.36192929416627	2.31204673166083	2.26331499003265	2.22029886517239	2.1808596095975	2.14442509901733	2.11064684642423	2.07910982351948	2.04890576470342	2.01995938778208	1.99283876497387
1503	"High-income countries"	1.71534470476673	1.73219628407165	1.75339059740676	1.76910670624897	1.77825397148565	1.78655741800998	1.79640103791551	1.80694111756476	1.81547893713445	1.8223664648494	1.8275853862112	1.83127400473071	1.83585738990716	1.83990786793363	1.8439572300322	1.84770257180219	1.84997516486188
1517	"Middle-income countries"	2.34545822934065	2.29761988360022	2.24855625150588	2.19799415477682	2.15602830176171	2.12811568841976	2.10649555822887	2.08229393779956	2.05511685412157	2.03152853111734	2.01166458521948	1.99518370601865	1.98035870988874	1.96624210673829	1.95155783639586	1.93640638222704	1.92252097950126
1502	"Upper-middle-income countries"	1.84200130709088	1.8236019567031	1.81271018010427	1.80918665071003	1.81045966614888	1.81679330353892	1.8241442247022	1.82846941776648	1.82919354537613	1.83115794779092	1.83331221379101	1.8377516358707	1.84089513549522	1.84256343125633	1.84227768172968	1.84067981215212	1.83913096468957
1501	"Lower-middle-income countries"	2.74088824670605	2.62165260590155	2.51675332126896	2.42718505653114	2.35443067674321	2.29642068316051	2.2477556325035	2.20183608075212	2.15862479800746	2.12285412934524	2.09236299672308	2.06478664056552	2.03999767620966	2.01769735772827	1.99648984607097	1.97577664618494	1.95681954993287
1500	"Low-income countries"	4.61946962542458	4.26729266893351	3.95682176809791	3.68946064379091	3.45799123773345	3.25604925950235	3.07570497172079	2.91650244236869	2.77603250237482	2.65493371794619	2.54820894131693	2.45412049924901	2.37027446154859	2.29484436211243	2.22710247415604	2.16670814269654	2.11179373889418
947	"Sub-Saharan Africa"	4.75162816912565	4.42367648213405	4.12390649397395	3.85372201519367	3.61133526793202	3.39619329728979	3.20320941157228	3.03153345579099	2.87837888682269	2.74700971592507	2.63185084109703	2.52898835840552	2.43757408669103	2.35567235109259	2.28280380957501	2.21660851635066	2.15647908634429
903	"AFRICA"	4.42876864442312	4.15329432938401	3.89941122060765	3.66686547030698	3.45519432246128	3.26517225139064	3.09498591220592	2.94279309706656	2.80568485296127	2.68665157778551	2.58070186275108	2.48550854466705	2.40093225987556	2.32523772683871	2.25755529894835	2.1954576232955	2.13886937855428
910	"Eastern Africa"	4.47616703793986	4.11454547622509	3.80624688983528	3.54915414553598	3.32911745124645	3.14254533852066	2.97803528661376	2.83342518477364	2.70754331910783	2.59845102417996	2.50493742661117	2.42140005342948	2.34730649067055	2.28131405966157	2.22183340896771	2.16850388208468	2.11826122981738
108	"Burundi"	5.5773	5.181	4.8075	4.4621	4.15	3.8653	3.6134	3.3978	3.2065	3.0383	2.8942	2.7668	2.6538	2.5448	2.4519	2.362	2.2826
174	"Comoros"	4.2365	3.9164	3.6414	3.4041	3.2003	3.0249	2.8759	2.7411	2.6234	2.5148	2.4219	2.33	2.2449	2.1695	2.1019	2.0448	1.995
262	"Djibouti"	2.7577	2.5086	2.3266	2.1865	2.0731	1.9829	1.91	1.853	1.8134	1.7855	1.7714	1.7611	1.7593	1.7587	1.7605	1.7644	1.7705
232	"Eritrea"	4.0265	3.6999	3.4222	3.1906	2.9917	2.8267	2.6875	2.5659	2.4567	2.3589	2.2717	2.1882	2.1168	2.0567	2.0034	1.9606	1.9275
231	"Ethiopia"	4.025	3.5209	3.1264	2.8366	2.6081	2.433	2.2867	2.1653	2.0656	1.9869	1.9232	1.8756	1.8385	1.8141	1.7959	1.7861	1.7798
404	"Kenya"	3.7737	3.4949	3.2618	3.064	2.8926	2.7416	2.6118	2.4917	2.383	2.2867	2.1999	2.1176	2.0472	1.9911	1.9432	1.9059	1.8766
450	"Madagascar"	4.1085	3.8456	3.6135	3.4051	3.2258	3.0703	2.9316	2.8104	2.6994	2.6012	2.512	2.4243	2.3459	2.272	2.2031	2.1435	2.0842
454	"Malawi"	4.4923	4.1497	3.8473	3.5869	3.3632	3.1691	2.9989	2.8517	2.7192	2.6027	2.4971	2.3989	2.3088	2.2264	2.1492	2.0857	2.0316
480	"Mauritius"	1.4334	1.4296	1.4713	1.5128	1.5508	1.5876	1.6184	1.6466	1.6716	1.6919	1.7103	1.7258	1.7402	1.7529	1.7629	1.7701	1.7787
175	"Mayotte"	3.7289	3.4238	3.1724	2.9613	2.7796	2.621	2.4775	2.3498	2.2358	2.1332	2.0494	1.9799	1.9254	1.8837	1.8522	1.8326	1.8195
508	"Mozambique"	5.1429	4.8306	4.5228	4.2248	3.9395	3.6772	3.4373	3.2244	3.0394	2.8761	2.7377	2.617	2.5134	2.4202	2.3361	2.265	2.1916
638	"Reunion"	2.2735	2.1613	2.0741	2.0057	1.9556	1.9183	1.8923	1.8731	1.8607	1.8507	1.8455	1.842	1.8395	1.8385	1.838	1.8377	1.8396
646	"Rwanda"	3.7813	3.4394	3.1548	2.9183	2.7121	2.5308	2.3708	2.2309	2.109	2.0019	1.9192	1.8532	1.8067	1.7746	1.7549	1.7433	1.7405
690	"Seychelles"	2.2567	2.1522	2.0637	1.9949	1.9428	1.9043	1.8776	1.8583	1.8451	1.8371	1.8329	1.8297	1.8279	1.8283	1.8286	1.83	1.8304
706	"Somalia"	6.1235	5.6615	5.228	4.826	4.4522	4.119	3.8295	3.5717	3.3497	3.1549	2.9889	2.841	2.7119	2.5967	2.4926	2.3934	2.3064
728	"South Sudan"	4.7359	4.3562	4.0107	3.7059	3.441	3.2152	3.0219	2.858	2.7173	2.5952	2.4877	2.3915	2.3038	2.2228	2.1533	2.0901	2.0377
800	"Uganda"	5.4559	5.0225	4.6158	4.2413	3.9054	3.6121	3.356	3.1381	2.9538	2.7969	2.6623	2.5442	2.4381	2.3439	2.2591	2.1832	2.1137
834	"United Republic of Tanzania"	4.9237	4.6234	4.3432	4.0818	3.8401	3.6281	3.4368	3.2673	3.1187	2.9822	2.8652	2.7571	2.6593	2.57	2.49	2.4131	2.3382
894	"Zambia"	4.9005	4.6254	4.3711	4.1385	3.9256	3.7335	3.5604	3.409	3.2635	3.137	3.0214	2.9162	2.8204	2.7299	2.6451	2.5648	2.4872
716	"Zimbabwe"	3.6255	3.3222	3.0737	2.8714	2.6956	2.5434	2.4105	2.2918	2.1904	2.098	2.0254	1.9684	1.9217	1.8895	1.8637	1.8464	1.8331
911	"Middle Africa"	5.53917443130001	5.12296439496056	4.72091629484812	4.3418924128589	3.99796265182172	3.68821753483602	3.418626686814	3.18937203705304	2.99296937224679	2.8301762900534	2.68642163911079	2.56149914483016	2.45476673703643	2.35964590317867	2.27683716175055	2.20465636943794	2.14187311509815
24	"Angola"	5.5892	5.2424	4.9107	4.5975	4.3087	4.0418	3.7981	3.5796	3.3847	3.2131	3.0619	2.9259	2.8053	2.6988	2.6	2.5095	2.4244
120	"Cameroon"	4.603	4.2878	4.0004	3.7492	3.5251	3.3329	3.1632	3.0121	2.8775	2.7612	2.6588	2.5602	2.4689	2.3845	2.3066	2.2345	2.1679
140	"Central African Republic"	4.7541	4.3878	4.0226	3.6822	3.3648	3.0969	2.8722	2.6849	2.5318	2.4049	2.3013	2.2104	2.1314	2.068	2.0155	1.9748	1.9381
148	"Chad"	5.7973	5.3106	4.8624	4.4511	4.0898	3.7706	3.4944	3.2583	3.0601	2.8905	2.7421	2.6094	2.4945	2.3897	2.294	2.2116	2.1353
178	"Congo"	4.5615	4.2853	4.0314	3.8036	3.5981	3.4152	3.2562	3.1131	2.9824	2.8713	2.7676	2.6717	2.5836	2.4987	2.424	2.3488	2.2825
180	"Democratic Republic of the Congo"	5.9635	5.4686	4.9797	4.5113	4.0872	3.7072	3.3844	3.1176	2.8936	2.7149	2.5569	2.4241	2.3136	2.215	2.1329	2.0642	2.0089
226	"Equatorial Guinea"	4.5543	4.1425	3.7698	3.4415	3.1665	2.9447	2.7569	2.6042	2.4775	2.365	2.2687	2.18	2.1084	2.0478	1.9981	1.9573	1.9233
266	"Gabon"	3.6804	3.4016	3.1693	2.9739	2.814	2.6785	2.5609	2.454	2.3598	2.2762	2.1992	2.1312	2.0688	2.0174	1.9751	1.9404	1.9129
678	"Sao Tome and Principe"	4.3605	4.0783	3.8236	3.5967	3.3975	3.2223	3.0669	2.9327	2.809	2.7005	2.6034	2.5156	2.4314	2.3567	2.2821	2.2148	2.1519
912	"Northern Africa"	3.09106462244164	2.92108079127549	2.7859872060533	2.6738540303282	2.57037579258261	2.46987485756614	2.38658879986129	2.32186311917793	2.26855617392587	2.21840341948357	2.16482521282613	2.11509802624984	2.07461501065655	2.04341418271891	2.01624194558443	1.98812342020174	1.96220585200595
12	"Algeria"	2.6498	2.4421	2.2913	2.1758	2.0912	2.0265	1.9784	1.9428	1.9159	1.8969	1.8836	1.8739	1.8663	1.861	1.8577	1.8565	1.8551
818	"Egypt"	3.1545	2.9625	2.8048	2.6706	2.5564	2.4529	2.3619	2.2779	2.1969	2.1298	2.0711	2.0214	1.9801	1.9473	1.9203	1.8994	1.8822
434	"Libya"	2.2079	2.0585	1.9448	1.8625	1.8078	1.7764	1.7597	1.7538	1.7532	1.758	1.7634	1.7693	1.7755	1.7821	1.7866	1.7928	1.7975
504	"Morocco"	2.4247	2.2832	2.1691	2.0761	2.0009	1.9413	1.8942	1.8608	1.8383	1.8221	1.8108	1.8045	1.8022	1.8004	1.8006	1.8015	1.8038
729	"Sudan"	4.4345	4.1457	3.887	3.6535	3.4464	3.267	3.1109	2.971	2.8455	2.7357	2.6342	2.5401	2.4534	2.3751	2.3036	2.2301	2.1668
788	"Tunisia"	2.1472	2.0617	1.9956	1.9442	1.9068	1.8819	1.8635	1.8502	1.8423	1.8377	1.8363	1.8344	1.8326	1.8326	1.8325	1.8337	1.8358
732	"Western Sahara"	2.4149	2.2619	2.1363	2.032	1.9455	1.8811	1.8317	1.7993	1.7759	1.7643	1.7594	1.7575	1.76	1.7632	1.7683	1.7726	1.7782
913	"Southern Africa"	2.49329731121566	2.36595400475123	2.25945826234363	2.1673083936088	2.08869786102073	2.02326172663373	1.96730866836972	1.92356816662292	1.88853404218798	1.86304147694654	1.84389028987933	1.82823879772807	1.81878276460684	1.81125559453689	1.80651747822502	1.80435259313307	1.80398249286861
72	"Botswana"	2.6514	2.4717	2.3285	2.2062	2.1015	2.0182	1.9504	1.8978	1.8601	1.832	1.8134	1.8026	1.7985	1.7955	1.794	1.7947	1.7972
426	"Lesotho"	3.0134	2.8095	2.6436	2.5106	2.3955	2.2983	2.2098	2.1351	2.0704	2.0108	1.965	1.9267	1.8951	1.8725	1.8544	1.8421	1.8321
516	"Namibia"	3.311	3.0758	2.8819	2.7174	2.5764	2.4553	2.3458	2.2478	2.1612	2.0856	2.021	1.9688	1.9293	1.8953	1.87	1.8524	1.8394
710	"South Africa"	2.4139	2.2958	2.1968	2.1103	2.0369	1.9765	1.9257	1.8874	1.8576	1.8378	1.8237	1.8121	1.8062	1.8017	1.7994	1.7991	1.8003
748	"Swaziland"	3.014	2.7856	2.6005	2.4476	2.3206	2.2086	2.1129	2.0315	1.964	1.9105	1.8695	1.8388	1.8188	1.8026	1.7937	1.7877	1.7844
914	"Western Africa"	5.2025644562885	4.87530270302534	4.55718412483365	4.25667471692637	3.97944448148806	3.72638273934736	3.49595860834001	3.2893174672941	3.10223385643545	2.94212324676522	2.8013580554148	2.67534494537583	2.56238565741935	2.46203033708339	2.37371444960401	2.29216216272075	2.21894391528419
204	"Benin"	4.8675	4.5403	4.243	3.9717	3.733	3.5197	3.3313	3.1671	3.0204	2.8952	2.7764	2.672	2.5757	2.4898	2.4055	2.3247	2.2525
854	"Burkina Faso"	5.2315	4.8337	4.4666	4.1267	3.8234	3.554	3.3188	3.121	2.9441	2.7973	2.6709	2.5581	2.4579	2.3674	2.2792	2.2026	2.1352
132	"Cabo Verde"	2.2885	2.1352	2.0162	1.924	1.8538	1.8009	1.7639	1.7401	1.7291	1.726	1.7254	1.7283	1.7355	1.7417	1.7495	1.7567	1.7641
384	"Cote d'Ivoire"	4.8115	4.5157	4.2491	4.0161	3.8039	3.6167	3.4488	3.2923	3.1561	3.0301	2.915	2.8049	2.7064	2.6112	2.527	2.4403	2.362
270	"Gambia"	5.3181	4.9536	4.5605	4.1658	3.7883	3.4406	3.1365	2.8829	2.6785	2.5121	2.379	2.2673	2.1742	2.0978	2.0373	1.9816	1.941
288	"Ghana"	3.8928	3.6358	3.4148	3.2255	3.0573	2.9146	2.7886	2.6744	2.5717	2.4787	2.3909	2.3082	2.2326	2.1667	2.1048	2.0512	2.0067
324	"Guinea"	4.7384	4.3712	4.0358	3.7362	3.4726	3.2504	3.0603	2.8932	2.7517	2.6274	2.5192	2.4212	2.3352	2.2541	2.1822	2.1147	2.0577
624	"Guinea-Bissau"	4.5135	4.1678	3.8526	3.5821	3.3499	3.1491	2.9804	2.8312	2.7001	2.5868	2.4818	2.3908	2.3039	2.2254	2.1529	2.0905	2.0369
430	"Liberia"	4.4806	4.1622	3.8762	3.6237	3.4048	3.2155	3.0513	2.9074	2.7774	2.6676	2.5644	2.4695	2.3827	2.3005	2.2264	2.1559	2.0956
466	"Mali"	5.9215	5.4639	5.0129	4.5777	4.1739	3.8072	3.4866	3.2182	2.9897	2.8059	2.6487	2.5122	2.398	2.294	2.2059	2.1321	2.0682
478	"Mauritania"	4.576	4.2931	4.0308	3.7937	3.5843	3.3966	3.229	3.0817	2.9531	2.8378	2.7308	2.6323	2.5462	2.4683	2.3872	2.3169	2.2481
562	"Niger"	7.1529	6.8251	6.4349	6.02	5.601	5.189	4.7919	4.4181	4.0751	3.7656	3.4855	3.2546	3.044	2.8692	2.7193	2.5888	2.4755
566	"Nigeria"	5.4168	5.079	4.7406	4.4124	4.1018	3.8148	3.5542	3.3235	3.1156	2.9429	2.7963	2.6646	2.5486	2.4468	2.3606	2.2796	2.206
686	"Senegal"	4.6474	4.3316	4.0523	3.8048	3.5864	3.3941	3.2271	3.0764	2.9413	2.8212	2.7123	2.6094	2.5163	2.4311	2.3452	2.2688	2.1957
694	"Sierra Leone"	4.319	3.8586	3.4701	3.1482	2.8972	2.6949	2.5316	2.3985	2.2798	2.1829	2.0995	2.0307	1.9732	1.9282	1.8936	1.865	1.8442
768	"Togo"	4.3515	4.0492	3.785	3.5496	3.3493	3.1775	3.0222	2.8882	2.7607	2.6519	2.5494	2.4539	2.3683	2.2896	2.2101	2.1425	2.0822
935	"ASIA"	2.15020532885729	2.10367807809311	2.05584707714998	2.0010216919141	1.95294845218635	1.92294373052567	1.90292333523563	1.88196476827514	1.859937571276	1.84248490262382	1.83019064552426	1.82307830002472	1.81856245751579	1.81592662896095	1.81284934139146	1.81078555951728	1.81053821651064
906	"Eastern Asia"	1.6159833191918	1.63599444969657	1.6706861192139	1.70281671931215	1.72025644042737	1.72928945217209	1.7384284318155	1.74869873600692	1.75974795395546	1.77156965028888	1.77964191756116	1.78471146903706	1.78686755242137	1.78918449522062	1.79315746679153	1.79804854938187	1.80238139724892
156	"China"	1.6348	1.6636	1.6866	1.7055	1.7223	1.7362	1.7483	1.7578	1.7654	1.7735	1.7799	1.7863	1.7901	1.7932	1.7965	1.7995	1.8022
344	"China, Hong Kong SAR"	1.3262	1.4224	1.4995	1.56	1.6088	1.6487	1.682	1.707	1.729	1.7475	1.7608	1.7736	1.784	1.7923	1.7978	1.8046	1.8095
446	"China, Macao SAR"	1.3475	1.4649	1.5535	1.621	1.6726	1.7116	1.7435	1.767	1.7859	1.8015	1.8121	1.8205	1.8285	1.8346	1.8379	1.8432	1.8468
158	"China, Taiwan Province of China"	1.2177	1.313	1.3938	1.4614	1.5174	1.5645	1.6034	1.6372	1.6638	1.6852	1.7036	1.7197	1.7344	1.7465	1.7559	1.7632	1.7695
408	"Dem. People's Republic of Korea"	1.8934	1.8565	1.8294	1.807	1.7917	1.7817	1.7772	1.7761	1.7756	1.7762	1.781	1.7848	1.7885	1.792	1.7957	1.7996	1.8026
392	"Japan"	1.4776	1.5347	1.5809	1.6192	1.6508	1.6755	1.6964	1.7145	1.7291	1.7431	1.7534	1.7604	1.7697	1.7763	1.7818	1.7874	1.7909
496	"Mongolia"	2.6627	2.5217	2.4075	2.3114	2.233	2.1693	2.1178	2.0745	2.041	2.0125	1.9901	1.972	1.9572	1.9424	1.9323	1.9231	1.9165
410	"Republic of Korea"	1.3226	1.3986	1.4633	1.5196	1.5651	1.603	1.6345	1.6628	1.6856	1.7044	1.7217	1.7348	1.747	1.757	1.765	1.7728	1.778
921	"South-Central Asia"	2.397730753131	2.27338721911822	2.16264184627857	2.06808106509097	1.99814975716814	1.95033796756297	1.91308065975065	1.87734863372468	1.84568982405103	1.82258871124257	1.80667036743872	1.79668148429259	1.79023284999062	1.78687624903481	1.78304916469071	1.78155230619227	1.7832897845285
5500	"Central Asia"	2.55770179841792	2.43639271656222	2.32632560557977	2.22489189275504	2.14380235808026	2.09230748242213	2.05163866901634	2.01151658123777	1.97070409744679	1.93684569721568	1.90872224700809	1.88770587664439	1.87182838658083	1.8607535075308	1.85129891188539	1.84196211429408	1.83416665670392
398	"Kazakhstan"	2.5709	2.4581	2.3591	2.2751	2.202	2.1404	2.0863	2.0399	2.0002	1.9685	1.9413	1.9184	1.8993	1.8856	1.8752	1.8641	1.8555
417	"Kyrgyzstan"	2.9087	2.7438	2.6088	2.4974	2.401	2.3153	2.2384	2.1696	2.1103	2.0583	2.0143	1.9779	1.9481	1.9238	1.9053	1.8895	1.8757
762	"Tajikistan"	3.2798	3.091	2.9277	2.7853	2.6577	2.5476	2.4453	2.3496	2.2604	2.1826	2.1121	2.0521	1.9968	1.9548	1.92	1.8933	1.8721
795	"Turkmenistan"	2.785	2.6136	2.4716	2.3541	2.2535	2.1661	2.0904	2.0282	1.9781	1.9372	1.9044	1.881	1.8636	1.8504	1.8406	1.8332	1.8297
860	"Uzbekistan"	2.2444	2.1309	2.0391	1.9652	1.9047	1.8614	1.8264	1.8041	1.7896	1.7819	1.7761	1.7744	1.7768	1.7798	1.7824	1.7853	1.7892
5501	"Southern Asia"	2.39090250742481	2.2658713048921	2.15580402387524	2.06322030418209	1.99429759999075	1.94550816221905	1.9071069754409	1.87122182744743	1.84046015561386	1.81835126757906	1.80298732303336	1.79310357204271	1.78666539827477	1.78348361793665	1.77996713522959	1.77892988447214	1.78111578810197
4	"Afghanistan"	4.4117	3.713	3.1889	2.8187	2.5582	2.3579	2.1962	2.0667	1.9641	1.8841	1.8283	1.7889	1.7627	1.7486	1.7431	1.7404	1.7412
50	"Bangladesh"	2.0673	1.938	1.8367	1.7584	1.702	1.6733	1.6591	1.6562	1.6634	1.6751	1.6904	1.7036	1.7162	1.729	1.7401	1.7512	1.7614
64	"Bhutan"	2.0154	1.8691	1.7611	1.6832	1.6369	1.6186	1.6202	1.6315	1.6483	1.6658	1.6835	1.701	1.7173	1.7319	1.7436	1.7538	1.764
356	"India"	2.3029	2.1905	2.0974	2.0192	1.954	1.9004	1.8604	1.8286	1.8046	1.7899	1.7797	1.7728	1.7693	1.7698	1.7697	1.7712	1.7756
364	"Iran (Islamic Republic of)"	1.6215	1.53	1.4981	1.519	1.5544	1.591	1.6203	1.6465	1.6698	1.6911	1.7092	1.7261	1.7398	1.7528	1.7619	1.7703	1.7782
462	"Maldives"	2.025	1.8724	1.7689	1.7096	1.6863	1.688	1.6982	1.7097	1.7229	1.7334	1.7445	1.7539	1.7643	1.773	1.7802	1.7867	1.7929
524	"Nepal"	2.0825	1.9343	1.8339	1.7628	1.7162	1.692	1.6822	1.684	1.6908	1.7006	1.7122	1.7224	1.7338	1.7441	1.7538	1.7624	1.7696
586	"Pakistan"	3.3767	3.0988	2.8772	2.6945	2.5438	2.4144	2.3047	2.2069	2.1214	2.0477	1.9846	1.9367	1.899	1.8701	1.8458	1.8297	1.8193
144	"Sri Lanka"	2.0288	1.9613	1.9056	1.8625	1.8315	1.8091	1.7954	1.788	1.7855	1.7826	1.7859	1.7873	1.7895	1.7915	1.7953	1.7995	1.8034
920	"South-Eastern Asia"	2.25020712134266	2.17985098264481	2.10844225469529	2.04815647587006	2.00057838368717	1.96158676033948	1.93041895568536	1.90466174887782	1.8813119179751	1.86163825730841	1.84733432084865	1.83659494256236	1.82944320394593	1.82483005056803	1.82116916654357	1.81871067471582	1.81742942083213
96	"Brunei Darussalam"	1.8482	1.8016	1.7643	1.7398	1.7225	1.7134	1.7134	1.7144	1.7203	1.7262	1.7352	1.7439	1.7533	1.76	1.7674	1.7743	1.7803
116	"Cambodia"	2.5238	2.3815	2.2669	2.1706	2.0885	2.0171	1.9574	1.91	1.872	1.8416	1.8215	1.8049	1.7937	1.7873	1.7837	1.7808	1.7806
360	"Indonesia"	2.3195	2.209	2.1159	2.0418	1.9814	1.9323	1.8957	1.8684	1.8493	1.835	1.8275	1.8202	1.8168	1.8156	1.8146	1.8149	1.8164
418	"Lao People's Democratic Republic"	2.6227	2.3942	2.2194	2.0778	1.965	1.8771	1.813	1.7704	1.7441	1.7334	1.7318	1.7339	1.7391	1.7466	1.7544	1.7613	1.7687
458	"Malaysia"	2.0105	1.9286	1.8642	1.8142	1.7796	1.7561	1.7441	1.7384	1.7365	1.7387	1.743	1.7473	1.7535	1.761	1.7669	1.7716	1.7785
104	"Myanmar"	2.1829	2.0787	1.9951	1.9235	1.8708	1.8299	1.802	1.7844	1.7734	1.7682	1.7665	1.7687	1.7716	1.7763	1.7804	1.7849	1.789
608	"Philippines"	2.8823	2.7357	2.6046	2.4929	2.3897	2.2956	2.2129	2.137	2.0655	2.0069	1.9579	1.9194	1.8878	1.8624	1.844	1.8304	1.8198
702	"Singapore"	1.2596	1.2834	1.3046	1.3228	1.3398	1.3535	1.3667	1.3797	1.3915	1.4011	1.4103	1.4182	1.428	1.4333	1.4386	1.4442	1.4491
764	"Thailand"	1.4578	1.4143	1.4344	1.4738	1.5149	1.5535	1.588	1.62	1.6468	1.6715	1.6924	1.7118	1.7265	1.7406	1.7516	1.7614	1.7693
626	"Timor-Leste"	5.337	4.807	4.3329	3.9211	3.5727	3.284	3.043	2.8469	2.6769	2.5385	2.4149	2.3037	2.21	2.1233	2.055	1.9977	1.9516
704	"Viet Nam"	1.946	1.9335	1.9228	1.9158	1.9105	1.9064	1.9028	1.9003	1.8981	1.8967	1.8957	1.895	1.8934	1.8932	1.8929	1.8927	1.8916
922	"Western Asia"	2.73923377209382	2.61269074039226	2.51203904545267	2.42434864043548	2.34235579964885	2.27255765918151	2.21707873156377	2.17198458272836	2.13170301886163	2.09829855147954	2.06691812472244	2.04306738296433	2.02254581384325	2.00459198316936	1.98615287362606	1.96633787064324	1.94757087140068
51	"Armenia"	1.601	1.5814	1.5892	1.6041	1.6215	1.6404	1.6592	1.6769	1.6926	1.7086	1.7239	1.7359	1.7469	1.7572	1.7663	1.7723	1.7798
31	"Azerbaijan"	2.0358	1.9817	1.9366	1.9014	1.8718	1.8502	1.8347	1.8231	1.814	1.8104	1.8088	1.808	1.8097	1.8118	1.8123	1.8129	1.8161
48	"Bahrain"	1.9982	1.8904	1.8041	1.7404	1.6933	1.668	1.6572	1.6559	1.6644	1.6744	1.6883	1.7024	1.7143	1.7282	1.7392	1.7506	1.7588
196	"Cyprus"	1.3375	1.3464	1.3986	1.4507	1.4986	1.5418	1.5783	1.6128	1.6409	1.6673	1.689	1.7064	1.7228	1.7374	1.7473	1.758	1.7675
268	"Georgia"	1.9706	1.9467	1.9269	1.9104	1.896	1.8863	1.8771	1.87	1.8645	1.86	1.8559	1.8534	1.8524	1.8497	1.8481	1.8474	1.8452
368	"Iraq"	4.266	4.0127	3.7872	3.5818	3.4039	3.2488	3.1099	2.9868	2.8682	2.7677	2.6685	2.5802	2.4951	2.4159	2.3396	2.2659	2.2005
376	"Israel"	2.9202	2.8077	2.7053	2.6137	2.5277	2.4485	2.3674	2.2974	2.2295	2.1657	2.1111	2.0622	2.0232	1.9893	1.9604	1.9365	1.9158
400	"Jordan"	3.2645	2.9992	2.7835	2.6048	2.4533	2.3211	2.2087	2.108	2.0276	1.9597	1.9094	1.8717	1.8441	1.8246	1.8125	1.8048	1.801
414	"Kuwait"	1.9666	1.9132	1.8793	1.8542	1.8366	1.8264	1.821	1.8179	1.8156	1.8159	1.817	1.8192	1.8211	1.8234	1.8255	1.8275	1.8288
422	"Lebanon"	1.7038	1.6945	1.6897	1.6877	1.6889	1.6948	1.7019	1.7097	1.7206	1.7283	1.7382	1.7472	1.757	1.7637	1.7706	1.7779	1.7845
512	"Oman"	2.5373	2.2842	2.0894	1.9468	1.8396	1.7709	1.7359	1.7227	1.7253	1.7324	1.74	1.7471	1.7562	1.7645	1.7714	1.7783	1.7858
634	"Qatar"	1.8805	1.7816	1.7071	1.6577	1.6289	1.6201	1.6208	1.634	1.6488	1.6645	1.6831	1.6988	1.7152	1.7286	1.74	1.7511	1.7602
682	"Saudi Arabia"	2.4808	2.2945	2.1429	2.0203	1.9196	1.8399	1.7839	1.7472	1.7254	1.7141	1.712	1.7164	1.7235	1.7312	1.7402	1.7493	1.7565
275	"State of Palestine"	3.9097	3.6119	3.358	3.1405	2.9586	2.806	2.6731	2.5559	2.4477	2.3531	2.2648	2.1879	2.1192	2.0598	2.0105	1.9658	1.9305
760	"Syrian Arab Republic"	2.8398	2.6275	2.4521	2.3018	2.1727	2.0635	1.9729	1.9011	1.8473	1.8086	1.7829	1.7682	1.7614	1.7574	1.7575	1.7607	1.7662
792	"Turkey"	2.0243	1.9425	1.8766	1.8263	1.7897	1.7674	1.7509	1.742	1.7392	1.7421	1.7442	1.7517	1.7568	1.7634	1.7688	1.775	1.7821
784	"United Arab Emirates"	1.725	1.6536	1.6123	1.5955	1.5956	1.608	1.6259	1.6463	1.665	1.6838	1.6995	1.7172	1.7294	1.7427	1.7531	1.7621	1.7705
887	"Yemen"	3.8372	3.4074	3.0663	2.7916	2.5581	2.3569	2.1853	2.0337	1.9111	1.8178	1.7482	1.7026	1.6786	1.6708	1.6744	1.6842	1.696
908	"EUROPE"	1.62464835202961	1.65623647692782	1.69269950121871	1.72243182300396	1.74782666444656	1.76756506488635	1.78118354669448	1.7910140772201	1.79990359937162	1.80858569361507	1.81673107576748	1.82319002124872	1.8277062791979	1.83114893036402	1.83400620186555	1.83672418479548	1.84038280585395
923	"Eastern Europe"	1.61063779081508	1.647072380176	1.68464039894316	1.71886740312803	1.75137439564683	1.77698739980197	1.79511761075724	1.80770167260553	1.81874107729019	1.82837068551837	1.83742505436929	1.84491880479387	1.84984679301738	1.85481052701164	1.85745520795698	1.85967749639069	1.86357678429382
112	"Belarus"	1.7062	1.7526	1.7862	1.8109	1.8296	1.8432	1.8547	1.8618	1.8673	1.8734	1.8765	1.8799	1.8814	1.8837	1.8864	1.8851	1.8882
100	"Bulgaria"	1.5841	1.6423	1.6875	1.7214	1.7488	1.7705	1.7873	1.8007	1.811	1.8196	1.8265	1.8315	1.836	1.8391	1.8418	1.8439	1.8465
203	"Czechia"	1.566	1.6308	1.6796	1.7175	1.7467	1.7694	1.7873	1.8009	1.8118	1.8205	1.8274	1.8341	1.8387	1.8421	1.8442	1.8453	1.8478
348	"Hungary"	1.3968	1.4499	1.4954	1.5332	1.5666	1.5966	1.6205	1.6405	1.6579	1.6733	1.6874	1.6984	1.7075	1.7165	1.7246	1.7308	1.7376
616	"Poland"	1.2897	1.2965	1.3564	1.4139	1.4683	1.5154	1.5589	1.5951	1.6285	1.6546	1.6778	1.6981	1.7148	1.7306	1.7419	1.7524	1.7612
498	"Republic of Moldova"	1.2295	1.2424	1.3124	1.3764	1.435	1.4899	1.5379	1.5788	1.614	1.6434	1.6686	1.6903	1.7098	1.7248	1.7367	1.7478	1.7573
642	"Romania"	1.5398	1.5841	1.6204	1.6503	1.6774	1.6986	1.7155	1.7307	1.7416	1.7522	1.7603	1.7683	1.7742	1.7803	1.7839	1.7886	1.792
643	"Russian Federation"	1.7511	1.7895	1.8168	1.8367	1.8531	1.8653	1.8744	1.8805	1.8859	1.8894	1.8931	1.8959	1.8975	1.9006	1.9013	1.9008	1.9023
703	"Slovakia"	1.4623	1.5212	1.5691	1.6098	1.6425	1.6698	1.6928	1.7118	1.7276	1.7402	1.7512	1.7611	1.7686	1.7769	1.7807	1.7856	1.7899
804	"Ukraine"	1.5572	1.61	1.6524	1.6865	1.7144	1.7367	1.755	1.7688	1.7808	1.7906	1.7975	1.8043	1.8096	1.8144	1.8169	1.8198	1.825
924	"Northern Europe"	1.85357741319064	1.85602628440337	1.85688795572358	1.85673235181209	1.85864349066808	1.86125899685303	1.86267547224479	1.86385802042483	1.86452304635442	1.86481222978599	1.86545942645981	1.8655520952669	1.86594575090035	1.86666764291084	1.86688443422397	1.86649141853319	1.86640240132004
830	"Channel Islands"	1.4858	1.5107	1.5327	1.5532	1.5701	1.5869	1.6025	1.6154	1.6274	1.6384	1.6468	1.655	1.6638	1.671	1.6775	1.6838	1.6876
208	"Denmark"	1.7621	1.7837	1.8002	1.8129	1.8224	1.8303	1.8369	1.8416	1.845	1.8486	1.8512	1.8524	1.8543	1.8554	1.8556	1.8575	1.8575
233	"Estonia"	1.659	1.7064	1.7411	1.7667	1.7849	1.7998	1.812	1.8207	1.8286	1.8336	1.838	1.8416	1.8451	1.8467	1.8466	1.8487	1.8496
246	"Finland"	1.7816	1.7906	1.7974	1.8041	1.8094	1.8149	1.8182	1.82	1.8243	1.8267	1.829	1.8295	1.8302	1.8325	1.8335	1.8337	1.8339
352	"Iceland"	1.9212	1.8763	1.8425	1.8158	1.797	1.7849	1.7792	1.7749	1.7744	1.7755	1.7774	1.7804	1.7829	1.7864	1.7893	1.794	1.798
372	"Ireland"	1.98	1.9664	1.9567	1.9485	1.9423	1.9369	1.9333	1.9301	1.9268	1.9253	1.9217	1.921	1.92	1.9174	1.9161	1.9159	1.9144
428	"Latvia"	1.5702	1.6253	1.6689	1.7031	1.7287	1.7502	1.7674	1.7815	1.7929	1.8009	1.8085	1.8131	1.8186	1.8227	1.825	1.828	1.8298
440	"Lithuania"	1.6605	1.709	1.7458	1.773	1.7941	1.8114	1.8242	1.8343	1.8428	1.8487	1.8529	1.8572	1.8612	1.8643	1.8648	1.8667	1.8682
578	"Norway"	1.8275	1.8335	1.8385	1.8429	1.846	1.8492	1.8522	1.8549	1.8567	1.8584	1.8597	1.8607	1.8619	1.8611	1.8627	1.8627	1.8626
752	"Sweden"	1.9094	1.9139	1.918	1.9203	1.9224	1.9241	1.9256	1.9273	1.9293	1.9303	1.9307	1.9307	1.9305	1.93	1.9297	1.9295	1.9299
826	"United Kingdom"	1.8708	1.8657	1.8624	1.8597	1.8591	1.8585	1.8576	1.8579	1.858	1.858	1.8586	1.8579	1.8574	1.858	1.8581	1.8574	1.8574
925	"Southern Europe"	1.45389253045904	1.48944148552514	1.52513894008029	1.55645238908771	1.58988090760838	1.62456086995377	1.65366710530549	1.67488174025115	1.69056777865783	1.70322407077623	1.71467656786197	1.72691360527075	1.73846667962232	1.74732801667628	1.75427012947135	1.7600440202445	1.76502144764233
8	"Albania"	1.7046	1.6978	1.6957	1.6955	1.6989	1.7037	1.7121	1.7201	1.7292	1.7385	1.747	1.7546	1.7625	1.7698	1.7776	1.7839	1.7884
70	"Bosnia and Herzegovina"	1.3858	1.4482	1.502	1.5482	1.5887	1.6213	1.6495	1.6743	1.6957	1.7127	1.7273	1.7401	1.751	1.7603	1.7682	1.7754	1.7809
191	"Croatia"	1.4461	1.4518	1.4905	1.527	1.563	1.5962	1.6262	1.6515	1.6741	1.6944	1.7114	1.7264	1.74	1.7506	1.7598	1.7684	1.7761
300	"Greece"	1.3024	1.3108	1.37	1.4253	1.4773	1.5228	1.5643	1.601	1.6318	1.6593	1.6825	1.7016	1.7182	1.7322	1.7449	1.7555	1.7649
380	"Italy"	1.4913	1.5423	1.5846	1.6203	1.6498	1.6737	1.6941	1.7112	1.7258	1.7388	1.7487	1.7577	1.7658	1.7711	1.7769	1.7812	1.7857
470	"Malta"	1.4747	1.5239	1.5678	1.6056	1.6371	1.6639	1.6863	1.7063	1.7227	1.7379	1.7492	1.7593	1.7685	1.7763	1.782	1.7885	1.7944
499	"Montenegro"	1.6565	1.6352	1.6375	1.6458	1.659	1.6721	1.6871	1.7015	1.714	1.7268	1.7386	1.7488	1.7583	1.7669	1.7746	1.7812	1.7872
620	"Portugal"	1.2408	1.2482	1.3124	1.3759	1.4343	1.4875	1.5362	1.5766	1.6131	1.6418	1.6684	1.6897	1.7083	1.723	1.736	1.7479	1.7571
688	"Serbia"	1.62	1.6439	1.6657	1.6838	1.7016	1.7163	1.7303	1.7427	1.7523	1.7624	1.7692	1.7765	1.7837	1.7894	1.7928	1.7971	1.8019
705	"Slovenia"	1.6376	1.6832	1.7201	1.748	1.7698	1.787	1.8013	1.8123	1.8204	1.8281	1.8345	1.8372	1.8414	1.8446	1.8482	1.8509	1.8534
724	"Spain"	1.3908	1.4424	1.4842	1.5213	1.554	1.5819	1.6053	1.6265	1.6441	1.6586	1.6718	1.6844	1.6937	1.702	1.709	1.7179	1.7247
807	"TFYR Macedonia"	1.5457	1.5814	1.612	1.6383	1.6624	1.6827	1.7007	1.7184	1.7322	1.7439	1.7541	1.7636	1.7726	1.7774	1.7853	1.791	1.796
926	"Western Europe"	1.68720954416132	1.71204249151076	1.73979512597677	1.75963366221585	1.77046115780776	1.77491664233094	1.78099082772365	1.79097709738429	1.8023608581823	1.8120428595767	1.81693923445626	1.8185526514209	1.82067095768934	1.82320382922953	1.828052449831	1.83195815222124	1.83546800528302
40	"Austria"	1.5106	1.5605	1.6009	1.6339	1.6614	1.6847	1.7035	1.7204	1.7334	1.7453	1.7542	1.7637	1.7704	1.7768	1.7823	1.787	1.7895
56	"Belgium"	1.7988	1.8123	1.8241	1.831	1.8393	1.8458	1.8498	1.8547	1.857	1.8595	1.8613	1.8636	1.8641	1.8664	1.8668	1.8673	1.8679
250	"France"	1.9734	1.9662	1.9603	1.9558	1.9527	1.9509	1.9492	1.9473	1.9462	1.946	1.9445	1.9445	1.9447	1.9434	1.943	1.9399	1.9412
276	"Germany"	1.4699	1.5071	1.5393	1.5657	1.5911	1.6122	1.6315	1.6477	1.6622	1.6753	1.687	1.6949	1.7042	1.71	1.717	1.7236	1.7281
442	"Luxembourg"	1.5943	1.6305	1.6594	1.6822	1.7013	1.7173	1.7301	1.7413	1.7487	1.757	1.7633	1.7679	1.7715	1.776	1.7788	1.7826	1.7844
528	"Netherlands"	1.7499	1.7642	1.7769	1.7864	1.7953	1.8034	1.8077	1.8137	1.817	1.8213	1.824	1.8266	1.8292	1.8317	1.8323	1.8334	1.8348
756	"Switzerland"	1.5488	1.569	1.5868	1.6018	1.6163	1.6285	1.6396	1.6487	1.6588	1.6663	1.6741	1.6811	1.6859	1.6907	1.6952	1.6994	1.7028
904	"LATIN AMERICA AND THE CARIBBEAN"	2.03566469879487	1.95095892451864	1.88563199054696	1.83741884348217	1.80297004196882	1.78074966131135	1.76685725865162	1.7587250670413	1.75426612033609	1.75460697865265	1.75594338019834	1.75971801609372	1.76435042996276	1.76868459815534	1.77340249265779	1.77835159757883	1.78279994064818
915	"Caribbean"	2.19761546402161	2.12537110018888	2.06020862260403	2.00041011094036	1.9452813388636	1.90123904439791	1.86449536440678	1.83679607375022	1.81470151246535	1.79930660103953	1.7897452588357	1.78384777650051	1.78144082186685	1.78109424940289	1.78299778880207	1.7849961036773	1.78682592643706
28	"Antigua and Barbuda"	2.0342	1.9848	1.9426	1.9044	1.8746	1.8521	1.8364	1.8256	1.8177	1.8129	1.8118	1.8096	1.8101	1.8105	1.8112	1.8126	1.8145
533	"Aruba"	1.7955	1.7918	1.7893	1.7895	1.7906	1.7927	1.796	1.7992	1.802	1.8044	1.8073	1.8111	1.8154	1.8168	1.8192	1.821	1.8237
44	"Bahamas"	1.7551	1.7221	1.7086	1.7015	1.7028	1.7065	1.7132	1.7208	1.728	1.737	1.7459	1.7532	1.7606	1.7682	1.7745	1.7801	1.785
52	"Barbados"	1.7991	1.8056	1.8118	1.8164	1.8211	1.8259	1.829	1.8331	1.8345	1.8377	1.8391	1.8416	1.8428	1.8432	1.8443	1.8448	1.8455
192	"Cuba"	1.7165	1.7258	1.7342	1.7432	1.7502	1.7579	1.7639	1.7702	1.776	1.7823	1.7875	1.7918	1.7958	1.7986	1.8033	1.8062	1.8086
531	"Curacao"	2.018	1.9759	1.944	1.9173	1.8964	1.8809	1.8684	1.86	1.8522	1.8477	1.8461	1.8441	1.8428	1.8422	1.8413	1.8415	1.84
214	"Dominican Republic"	2.3778	2.2458	2.1295	2.0309	1.9486	1.8833	1.8353	1.8009	1.7781	1.7649	1.7599	1.7576	1.7596	1.7626	1.7668	1.7713	1.7752
308	"Grenada"	2.0732	1.9778	1.8997	1.8413	1.802	1.7733	1.7551	1.7489	1.7458	1.747	1.7518	1.7566	1.7617	1.7688	1.7751	1.7803	1.7858
312	"Guadeloupe"	1.9204	1.8705	1.843	1.8256	1.8131	1.8059	1.802	1.8013	1.8039	1.8053	1.8087	1.8112	1.8156	1.8191	1.8202	1.8227	1.8249
332	"Haiti"	2.8479	2.628	2.4578	2.3202	2.2034	2.1091	2.0254	1.9599	1.9045	1.8645	1.8352	1.8141	1.799	1.7897	1.7858	1.7837	1.7825
388	"Jamaica"	1.991	1.9165	1.8622	1.8218	1.7939	1.7773	1.7666	1.7629	1.7624	1.7631	1.7671	1.7713	1.7777	1.7826	1.786	1.7907	1.7954
474	"Martinique"	1.8809	1.8388	1.8171	1.8041	1.7984	1.7933	1.7916	1.7953	1.7975	1.7999	1.8047	1.8084	1.8106	1.8132	1.8172	1.8195	1.8229
630	"Puerto Rico"	1.4695	1.4541	1.4799	1.513	1.5459	1.5789	1.6078	1.6349	1.6583	1.6792	1.6983	1.7153	1.7271	1.7402	1.7517	1.7612	1.7692
662	"Saint Lucia"	1.4442	1.4108	1.4189	1.4489	1.4857	1.5257	1.5617	1.5961	1.6283	1.6551	1.6779	1.6971	1.7145	1.7284	1.7413	1.7525	1.7621
670	"Saint Vincent and the Grenadines"	1.9019	1.8122	1.7506	1.7114	1.6905	1.6845	1.6871	1.6957	1.7038	1.7147	1.7253	1.7365	1.7462	1.7545	1.7636	1.7724	1.7801
780	"Trinidad and Tobago"	1.7299	1.6888	1.6767	1.6747	1.6793	1.6884	1.6994	1.7109	1.7236	1.7339	1.7447	1.7544	1.7629	1.7701	1.7772	1.7851	1.7892
850	"United States Virgin Islands"	2.1866	2.0873	2.011	1.9532	1.9083	1.8775	1.8546	1.8401	1.83	1.8242	1.8203	1.8202	1.82	1.8197	1.8198	1.822	1.8237
916	"Central America"	2.21586068577065	2.08244747900511	1.97344391741314	1.89211515308618	1.83431343749833	1.79727784507402	1.77282608117957	1.76058340843859	1.75270692755503	1.75258480672099	1.75331794374515	1.7565871731287	1.76162514698938	1.76616597443645	1.7720885981029	1.77681715213697	1.78094229364659
84	"Belize"	2.459	2.3133	2.1921	2.0921	2.0088	1.9397	1.8848	1.8412	1.8119	1.7898	1.7764	1.7684	1.764	1.7643	1.7658	1.7681	1.771
188	"Costa Rica"	1.7639	1.7002	1.6704	1.663	1.6651	1.6749	1.6846	1.697	1.7071	1.7206	1.7325	1.7437	1.7548	1.7633	1.7711	1.778	1.7843
222	"El Salvador"	2.0529	1.9534	1.8738	1.8119	1.7654	1.7328	1.7155	1.7072	1.7061	1.7078	1.7147	1.7218	1.7298	1.7373	1.7473	1.7559	1.7635
320	"Guatemala"	2.8989	2.6682	2.4901	2.3491	2.2362	2.1416	2.0612	1.9926	1.9398	1.8954	1.8632	1.8373	1.8204	1.8069	1.799	1.7932	1.7891
340	"Honduras"	2.4148	2.244	2.1163	2.0132	1.931	1.8694	1.8201	1.7851	1.7607	1.7513	1.7424	1.7412	1.742	1.7463	1.7511	1.757	1.7612
484	"Mexico"	2.1364	2.0037	1.8934	1.8147	1.7611	1.7311	1.7157	1.7142	1.7147	1.723	1.7303	1.7396	1.7494	1.7578	1.767	1.774	1.7799
558	"Nicaragua"	2.1606	2.0294	1.9305	1.8491	1.7939	1.7558	1.733	1.7246	1.7209	1.7254	1.7309	1.7363	1.7457	1.7537	1.7619	1.7689	1.7759
591	"Panama"	2.4688	2.3548	2.2579	2.1701	2.0941	2.0337	1.9812	1.9374	1.9035	1.8799	1.86	1.8468	1.8381	1.8317	1.8275	1.8244	1.8219
931	"South America"	1.94209702104283	1.87369190609324	1.82688933243187	1.7950470205486	1.77359500522696	1.76051829500322	1.7540218296252	1.74997501859034	1.74910437988757	1.75130621663659	1.75400871352355	1.75895234885933	1.76405842226923	1.76875323377585	1.77316544449521	1.77850421233435	1.78334554684982
32	"Argentina"	2.2683	2.1956	2.1289	2.0681	2.0139	1.9681	1.9323	1.9019	1.8781	1.8619	1.8482	1.8403	1.8333	1.8269	1.824	1.8212	1.8198
68	"Bolivia (Plurinational State of)"	2.8254	2.6465	2.5029	2.3828	2.2806	2.1902	2.1122	2.0443	1.9878	1.9406	1.9035	1.8732	1.8513	1.8344	1.8211	1.8121	1.8047
76	"Brazil"	1.7048	1.6496	1.6196	1.6096	1.6108	1.6185	1.6344	1.6497	1.6663	1.6835	1.6985	1.714	1.7282	1.7393	1.7486	1.759	1.7675
152	"Chile"	1.7645	1.7354	1.7261	1.7225	1.7216	1.7267	1.731	1.7391	1.7469	1.7561	1.7616	1.7704	1.7766	1.7829	1.7901	1.7935	1.7992
170	"Colombia"	1.8274	1.7422	1.6908	1.6642	1.6547	1.6594	1.669	1.6821	1.6952	1.7088	1.7215	1.7345	1.7442	1.755	1.764	1.7726	1.7793
218	"Ecuador"	2.4444	2.3217	2.2138	2.1197	2.0389	1.9703	1.9148	1.871	1.8391	1.8159	1.7991	1.7897	1.7837	1.7809	1.7801	1.781	1.7842
254	"French Guiana"	3.2636	3.0988	2.959	2.8367	2.7329	2.6401	2.5567	2.4776	2.4044	2.3374	2.2718	2.2104	2.1562	2.1121	2.0699	2.034	2.0042
328	"Guyana"	2.4728	2.3591	2.2587	2.169	2.0905	2.0269	1.9733	1.9303	1.8957	1.8719	1.8541	1.8408	1.8324	1.8262	1.821	1.8185	1.8183
600	"Paraguay"	2.4455	2.3213	2.2169	2.1259	2.0519	1.9846	1.9302	1.8862	1.8513	1.8247	1.8056	1.794	1.7867	1.7805	1.7778	1.7782	1.779
604	"Peru"	2.3536	2.2262	2.1155	2.0214	1.9442	1.8842	1.837	1.8026	1.7813	1.7691	1.762	1.7585	1.7587	1.7613	1.7647	1.77	1.7746
740	"Suriname"	2.3363	2.2247	2.1293	2.0467	1.9764	1.9218	1.8795	1.8505	1.829	1.8148	1.8066	1.7998	1.7983	1.7969	1.7977	1.7986	1.8006
858	"Uruguay"	1.9786	1.9339	1.8979	1.8669	1.8432	1.8267	1.8152	1.8061	1.8011	1.7999	1.8003	1.8003	1.8031	1.8051	1.8051	1.8093	1.8106
862	"Venezuela (Bolivarian Republic of)"	2.283	2.174	2.0813	1.9988	1.933	1.884	1.8443	1.8179	1.7993	1.7883	1.7823	1.7794	1.7787	1.7803	1.7811	1.7841	1.7882
905	"NORTHERN AMERICA"	1.85529947873914	1.86021843238299	1.86818718895282	1.87428933368038	1.87808434345732	1.88324291840225	1.887243842649	1.89214625337101	1.89533480367527	1.89739083063886	1.89960781670238	1.9010724773352	1.90386721544457	1.90475771547585	1.90565039154139	1.906914040664	1.90583773318004
124	"Canada"	1.5633	1.5574	1.5765	1.5977	1.6212	1.6422	1.663	1.6834	1.6997	1.7152	1.7292	1.7421	1.7514	1.7606	1.7682	1.7752	1.7831
840	"United States of America"	1.8864	1.8932	1.8986	1.9031	1.9062	1.9104	1.9119	1.9143	1.9159	1.9168	1.9182	1.9187	1.9207	1.9204	1.9204	1.9211	1.9192
909	"OCEANIA"	2.33659778023912	2.28299658937254	2.22780571869262	2.17161937289096	2.12660638717941	2.09161294652401	2.06219114496215	2.03557537720033	2.0096081767913	1.98406927544675	1.96032784955428	1.93904346103153	1.91966476392997	1.90255006722635	1.88632982771226	1.87254157932123	1.86123376103283
927	"Australia/New Zealand"	1.85586699105939	1.8227794128174	1.8008774334014	1.78308061023126	1.77410878517208	1.76919569376632	1.7681749393119	1.76782199577489	1.76996348432149	1.77388424037657	1.77774934210071	1.78309462163218	1.78670359099655	1.79116886221636	1.79503056566821	1.79886788715994	1.80341511098186
36	"Australia"	1.8316	1.8018	1.7845	1.7705	1.7647	1.762	1.7627	1.763	1.7664	1.7715	1.776	1.7819	1.7859	1.7906	1.7946	1.7985	1.8033
554	"New Zealand"	1.9742	1.9253	1.8859	1.8544	1.8323	1.8155	1.8024	1.7967	1.7916	1.7899	1.7914	1.7937	1.7942	1.7962	1.7986	1.8021	1.8053
928	"Melanesia"	3.44975134858086	3.25198129979707	3.07973303459485	2.93253333681	2.80293535994998	2.68945896262373	2.58580208213288	2.4964923748768	2.41347821892772	2.33579719695336	2.26561790945273	2.19831543493141	2.13780208550397	2.0825824546309	2.03262476172846	1.99102211420491	1.95553244035314
242	"Fiji"	2.4818	2.3687	2.2684	2.1787	2.0988	2.0317	1.9749	1.9303	1.8966	1.8679	1.8493	1.8374	1.8271	1.8223	1.8175	1.8147	1.8134
540	"New Caledonia"	2.1418	2.0541	1.9873	1.9324	1.8902	1.8597	1.8387	1.824	1.8165	1.8108	1.8077	1.8073	1.8084	1.8098	1.81	1.8108	1.8131
598	"Papua New Guinea"	3.5883	3.3686	3.1772	3.0157	2.8759	2.7539	2.642	2.5458	2.4567	2.3734	2.2984	2.2263	2.1618	2.1028	2.0495	2.005	1.967
90	"Solomon Islands"	3.7698	3.5184	3.304	3.1194	2.9591	2.8203	2.6914	2.5789	2.4722	2.3782	2.2884	2.2071	2.1338	2.0697	2.0129	1.9694	1.933
548	"Vanuatu"	3.2218	3.055	2.9078	2.7802	2.6648	2.5616	2.4679	2.3816	2.3028	2.2272	2.1614	2.0981	2.0425	1.995	1.9571	1.9242	1.8978
954	"Micronesia"	2.8402947106681	2.64795311883374	2.50073325458468	2.41156729316255	2.36555316339918	2.32783403509187	2.26933973696015	2.20209228619274	2.14277629921503	2.0965439783142	2.06225684309484	2.03276453772826	2.00605119511968	1.97538390436711	1.94561955508456	1.92211245116486	1.9035912790414
316	"Guam"	2.3193	2.2296	2.1473	2.0765	2.0166	1.9658	1.9243	1.8933	1.869	1.8507	1.8379	1.8275	1.8228	1.819	1.8153	1.8152	1.8152
296	"Kiribati"	3.5836	3.3999	3.2381	3.0948	2.9665	2.8529	2.7527	2.6583	2.5691	2.4886	2.4104	2.334	2.2667	2.2024	2.1408	2.0873	2.0413
583	"Micronesia (Fed. States of)"	3.0763	2.868	2.6981	2.5536	2.4311	2.3245	2.2294	2.1459	2.0737	2.0116	1.9576	1.9134	1.88	1.8542	1.8348	1.8219	1.8112
957	"Polynesia"	2.80249947113282	2.67618433896605	2.58895410406414	2.5227337024144	2.45751619991499	2.38618330616927	2.31628755562046	2.25649739094271	2.21192591665044	2.17230443418839	2.13240040986089	2.08911889423716	2.04709080555476	2.00834861588701	1.97491665232087	1.94662648860912	1.92229487547681
258	"French Polynesia"	1.9902	1.9173	1.861	1.8169	1.7846	1.7619	1.7448	1.7361	1.7328	1.734	1.7374	1.7432	1.7486	1.7555	1.7604	1.7676	1.7726
882	"Samoa"	3.9029	3.6684	3.4666	3.2886	3.1287	2.9903	2.8646	2.7511	2.6494	2.5502	2.4583	2.3699	2.291	2.2152	2.1479	2.0846	2.0329
776	"Tonga"	3.5763	3.3879	3.2218	3.0737	2.9458	2.8263	2.7191	2.619	2.5299	2.4441	2.3619	2.2855	2.2163	2.1512	2.0933	2.0433	2.0023
