"country_code"	"name"	"2015-2020"	"2020-2025"	"2025-2030"	"2030-2035"	"2035-2040"	"2040-2045"	"2045-2050"	"2050-2055"	"2055-2060"	"2060-2065"	"2065-2070"	"2070-2075"	"2075-2080"	"2080-2085"	"2085-2090"	"2090-2095"	"2095-2100"
4	"Afghanistan"	4.9213	4.4784	4.1135	3.8086	3.5678	3.3629	3.1961	3.045	2.9209	2.8117	2.7126	2.6153	2.5408	2.4742	2.415	2.3639	2.3257
8	"Albania"	1.9029	1.9578	1.9971	2.028	2.0488	2.0681	2.0841	2.102	2.1142	2.125	2.1335	2.1428	2.1512	2.1589	2.1666	2.1753	2.1809
12	"Algeria"	3.013	2.9358	2.8707	2.817	2.7634	2.7163	2.6717	2.6326	2.5935	2.5664	2.5408	2.5161	2.4921	2.4807	2.4651	2.4596	2.4487
24	"Angola"	5.9835	5.8246	5.6487	5.4722	5.3003	5.1355	4.9801	4.8366	4.7045	4.5837	4.4637	4.3554	4.2461	4.1446	4.0558	3.9595	3.8834
28	"Antigua and Barbuda"	2.3756	2.3945	2.3943	2.3922	2.3875	2.3699	2.3554	2.346	2.3347	2.3244	2.3156	2.3028	2.2948	2.2915	2.2918	2.2864	2.2846
32	"Argentina"	2.6221	2.6714	2.6926	2.7	2.6993	2.6776	2.6624	2.6413	2.617	2.5988	2.5688	2.5471	2.5143	2.4971	2.4675	2.4441	2.4275
51	"Armenia"	1.9173	1.9588	1.9875	2.011	2.0329	2.0475	2.0656	2.0777	2.0904	2.1031	2.1179	2.1251	2.1338	2.1424	2.1501	2.1542	2.1618
533	"Aruba"	1.9781	2.0317	2.0636	2.0896	2.1136	2.1294	2.1463	2.1563	2.1668	2.1806	2.1855	2.1932	2.1994	2.2096	2.2155	2.2197	2.2276
36	"Australia"	2.1583	2.1845	2.1934	2.2	2.2004	2.2032	2.1996	2.2006	2.2071	2.2093	2.2134	2.2154	2.2182	2.218	2.2186	2.222	2.2221
40	"Austria"	1.6936	1.8089	1.8882	1.9457	1.9933	2.0309	2.0622	2.0882	2.1095	2.1285	2.145	2.1594	2.174	2.1806	2.1909	2.1977	2.2057
31	"Azerbaijan"	2.2595	2.2772	2.2878	2.287	2.2844	2.2856	2.2863	2.2845	2.2889	2.2852	2.2834	2.2904	2.2879	2.2895	2.29	2.2915	2.2854
44	"Bahamas"	2.0788	2.1096	2.1222	2.1359	2.1476	2.1484	2.1511	2.157	2.1602	2.1649	2.1704	2.1751	2.1822	2.1843	2.1896	2.1926	2.1965
48	"Bahrain"	2.3414	2.347	2.3257	2.2949	2.2664	2.2426	2.2214	2.2057	2.1942	2.1879	2.1822	2.1829	2.1849	2.1816	2.19	2.1916	2.1928
50	"Bangladesh"	2.4265	2.4101	2.3712	2.3279	2.2908	2.2568	2.2279	2.208	2.1965	2.1918	2.1887	2.1864	2.1857	2.187	2.1874	2.1894	2.194
52	"Barbados"	1.9675	2.0313	2.0748	2.1065	2.1281	2.1507	2.1702	2.1859	2.2003	2.2104	2.2221	2.2292	2.2337	2.2434	2.2496	2.2541	2.2591
112	"Belarus"	1.8884	1.9965	2.0663	2.1189	2.1615	2.1886	2.2138	2.2328	2.2516	2.2678	2.2806	2.2889	2.2983	2.2997	2.3077	2.3108	2.3155
56	"Belgium"	1.9701	2.0411	2.0872	2.1198	2.1482	2.1708	2.189	2.2051	2.2194	2.2293	2.2407	2.2471	2.2559	2.2627	2.2682	2.2704	2.2747
84	"Belize"	2.8432	2.8387	2.798	2.7533	2.7107	2.663	2.6174	2.5718	2.5234	2.4745	2.443	2.4043	2.3722	2.344	2.3208	2.3038	2.2892
204	"Benin"	5.2987	5.1639	5.0064	4.8492	4.6914	4.5546	4.4204	4.2927	4.182	4.082	3.9783	3.8761	3.7883	3.7148	3.6328	3.5638	3.4994
64	"Bhutan"	2.3791	2.3449	2.3016	2.2616	2.2278	2.2056	2.1892	2.1788	2.1723	2.1677	2.165	2.1684	2.1674	2.173	2.1752	2.1764	2.1816
68	"Bolivia (Plurinational State of)"	3.242	3.2235	3.182	3.1261	3.0759	3.0234	2.9781	2.931	2.8921	2.844	2.8071	2.7622	2.7209	2.6761	2.6436	2.6011	2.566
70	"Bosnia and Herzegovina"	1.5664	1.6886	1.7779	1.8419	1.8952	1.9372	1.9719	2.0018	2.0284	2.0472	2.0664	2.0825	2.0995	2.1097	2.1238	2.1329	2.138
72	"Botswana"	3.0443	2.9871	2.9188	2.8481	2.7774	2.7229	2.656	2.6039	2.5457	2.5035	2.4514	2.4091	2.3805	2.3496	2.3264	2.3059	2.2954
76	"Brazil"	2.0342	2.0587	2.0673	2.0729	2.0799	2.0838	2.0913	2.0917	2.1022	2.112	2.1201	2.1255	2.1343	2.1419	2.149	2.1567	2.1635
96	"Brunei Darussalam"	2.0808	2.105	2.1205	2.1299	2.1391	2.1454	2.1526	2.1567	2.1623	2.17	2.1753	2.1794	2.1856	2.1895	2.1914	2.1981	2.1974
100	"Bulgaria"	1.7603	1.8748	1.9528	2.0122	2.0559	2.0914	2.1209	2.1474	2.1634	2.1826	2.1989	2.21	2.2212	2.2276	2.2369	2.241	2.245
854	"Burkina Faso"	5.6557	5.475	5.2892	5.0978	4.9064	4.735	4.5818	4.4321	4.2778	4.1587	4.0434	3.9385	3.8374	3.7383	3.638	3.5709	3.4991
108	"Burundi"	5.9842	5.7881	5.5848	5.3952	5.2025	5.0243	4.8557	4.702	4.5604	4.4209	4.2973	4.1828	4.0706	3.9739	3.8713	3.7918	3.7149
132	"Cabo Verde"	2.6812	2.6559	2.6006	2.5519	2.4978	2.4489	2.4093	2.3657	2.333	2.3015	2.2778	2.2605	2.2437	2.2355	2.2278	2.2181	2.2193
116	"Cambodia"	2.9217	2.9259	2.9065	2.8823	2.8416	2.8023	2.7591	2.7172	2.6775	2.6481	2.6061	2.5706	2.5283	2.4946	2.465	2.4348	2.4075
120	"Cameroon"	5.0488	4.9141	4.7607	4.6144	4.472	4.3432	4.2142	4.1003	3.9839	3.8786	3.7813	3.7014	3.6234	3.5524	3.4698	3.4023	3.343
124	"Canada"	1.8775	1.9225	1.9562	1.9847	2.0101	2.0292	2.0474	2.0603	2.0779	2.0947	2.1059	2.1187	2.1277	2.137	2.1475	2.1568	2.1666
140	"Central African Republic"	5.1988	5.077	4.9185	4.7316	4.5511	4.3753	4.1955	4.0307	3.8916	3.755	3.6321	3.5167	3.4109	3.3281	3.262	3.1904	3.1281
148	"Chad"	6.1986	5.9441	5.6862	5.4418	5.2022	4.9938	4.7946	4.6143	4.436	4.2899	4.1451	4.0145	3.889	3.7978	3.6922	3.5993	3.5114
830	"Channel Islands"	1.6557	1.7452	1.8096	1.8621	1.9097	1.9444	1.9745	2.0059	2.0249	2.0495	2.0682	2.0882	2.1031	2.1186	2.1349	2.1443	2.153
152	"Chile"	2.088	2.1134	2.1225	2.129	2.1346	2.1429	2.1469	2.15	2.158	2.169	2.1736	2.1804	2.1834	2.1909	2.1955	2.1991	2.2028
156	"China"	1.8084	1.8958	1.9547	2.0013	2.0384	2.0681	2.0923	2.1184	2.1332	2.1458	2.1581	2.1741	2.1862	2.1945	2.2063	2.217	2.2216
344	"China, Hong Kong SAR"	1.5192	1.6825	1.7944	1.8817	1.9456	1.9966	2.0365	2.0716	2.1016	2.1231	2.1433	2.1626	2.1749	2.1907	2.2038	2.212	2.2192
446	"China, Macao SAR"	1.5418	1.7202	1.8403	1.9278	1.9955	2.0486	2.0874	2.1215	2.1494	2.1724	2.1919	2.2029	2.2154	2.2276	2.2364	2.2437	2.2516
158	"China, Taiwan Province of China"	1.4034	1.5635	1.68	1.7666	1.8313	1.8811	1.9259	1.9594	1.9905	2.0172	2.0389	2.0559	2.0725	2.0847	2.0989	2.1119	2.1213
170	"Colombia"	2.164	2.1748	2.1719	2.1651	2.1558	2.1536	2.1519	2.1526	2.1569	2.1602	2.1648	2.1649	2.1722	2.1775	2.1814	2.1872	2.1918
174	"Comoros"	4.6938	4.5559	4.4023	4.2597	4.1167	3.9885	3.872	3.7598	3.6621	3.5662	3.482	3.4049	3.3346	3.2735	3.2103	3.1514	3.0999
178	"Congo"	5.0007	4.8942	4.7675	4.6374	4.5031	4.3743	4.264	4.1542	4.0543	3.9674	3.8698	3.7838	3.704	3.6301	3.5633	3.5005	3.4371
188	"Costa Rica"	2.0906	2.1073	2.1117	2.114	2.1162	2.1233	2.1289	2.1338	2.1401	2.1469	2.1551	2.1605	2.1681	2.1707	2.177	2.1819	2.189
384	"Cote d'Ivoire"	5.2426	5.1189	4.9759	4.835	4.7012	4.5813	4.4607	4.351	4.2399	4.1402	4.0575	3.9724	3.8883	3.807	3.7294	3.6689	3.5984
191	"Croatia"	1.7519	1.8121	1.8632	1.9045	1.9417	1.9696	1.997	2.0189	2.0404	2.0583	2.0759	2.0908	2.1036	2.1198	2.1284	2.1368	2.1458
192	"Cuba"	1.8964	1.9604	2.0056	2.0359	2.0613	2.0798	2.1011	2.1188	2.1335	2.1451	2.1552	2.166	2.1726	2.1812	2.1893	2.191	2.1999
531	"Curacao"	2.2345	2.2617	2.2708	2.2767	2.2753	2.28	2.2829	2.2824	2.2835	2.2866	2.2859	2.2891	2.2918	2.2929	2.294	2.2948	2.2962
196	"Cyprus"	1.6387	1.7211	1.7859	1.8415	1.8861	1.924	1.9569	1.9855	2.0072	2.0318	2.0516	2.0685	2.0821	2.0958	2.1095	2.1179	2.1287
203	"Czechia"	1.7444	1.8626	1.9447	2.0031	2.0535	2.0921	2.1218	2.1448	2.164	2.1822	2.1962	2.2095	2.2194	2.2276	2.2351	2.2444	2.2463
408	"Dem. People's Republic of Korea"	2.2263	2.2457	2.2536	2.2493	2.2438	2.2378	2.2367	2.2335	2.2286	2.2224	2.2271	2.2229	2.2188	2.2239	2.2246	2.2302	2.2322
180	"Democratic Republic of the Congo"	6.4192	6.2927	6.1193	5.9005	5.6537	5.3889	5.1328	4.8863	4.6526	4.4395	4.2482	4.0914	3.9317	3.7911	3.673	3.5505	3.4429
208	"Denmark"	1.9309	2.0019	2.048	2.0822	2.1074	2.1295	2.1471	2.1607	2.1718	2.1842	2.1981	2.2042	2.2109	2.2139	2.2168	2.2221	2.2263
262	"Djibouti"	3.1969	3.0869	2.9762	2.8839	2.8006	2.7299	2.6641	2.6042	2.5502	2.4865	2.4404	2.4035	2.3594	2.3315	2.3112	2.2914	2.2754
214	"Dominican Republic"	2.7431	2.7413	2.7105	2.6649	2.61	2.5667	2.5102	2.4606	2.4187	2.3811	2.3429	2.3215	2.2986	2.2841	2.2694	2.2606	2.259
218	"Ecuador"	2.815	2.8261	2.7998	2.7709	2.7342	2.69	2.6406	2.5964	2.5486	2.5129	2.4696	2.4349	2.4039	2.3735	2.3491	2.3259	2.3066
818	"Egypt"	3.5748	3.5382	3.472	3.3938	3.3288	3.2678	3.2005	3.1408	3.0833	3.038	2.9927	2.9422	2.8915	2.8544	2.8132	2.7639	2.7234
222	"El Salvador"	2.4042	2.4114	2.3937	2.3648	2.3365	2.3072	2.285	2.2572	2.2391	2.2284	2.2196	2.2079	2.2063	2.2012	2.1985	2.2003	2.1996
226	"Equatorial Guinea"	5.0226	4.8356	4.635	4.4365	4.2452	4.0754	3.923	3.775	3.6379	3.5296	3.4342	3.337	3.2604	3.1855	3.1239	3.0591	3.0132
232	"Eritrea"	4.4979	4.3608	4.2066	4.0689	3.9324	3.8004	3.6906	3.5804	3.4841	3.4057	3.3275	3.2514	3.1911	3.1338	3.0797	3.0219	2.9709
233	"Estonia"	1.8351	1.936	1.9997	2.0504	2.0867	2.1168	2.1394	2.1568	2.1738	2.1909	2.2027	2.2077	2.2135	2.2253	2.23	2.2335	2.2418
231	"Ethiopia"	4.5376	4.2676	4.0259	3.8108	3.6148	3.4574	3.3122	3.1944	3.0839	2.9799	2.8981	2.8274	2.7505	2.6816	2.6188	2.5661	2.5106
242	"Fiji"	2.8507	2.874	2.8583	2.8352	2.8014	2.7731	2.7305	2.6927	2.6492	2.6118	2.5777	2.5283	2.4929	2.4606	2.4322	2.3998	2.3784
246	"Finland"	1.9478	2.0098	2.0502	2.081	2.1072	2.1324	2.1469	2.1614	2.172	2.1875	2.1959	2.2011	2.2108	2.2163	2.2194	2.2239	2.2265
250	"France"	2.1432	2.1971	2.2275	2.2549	2.2774	2.2918	2.3029	2.3158	2.3263	2.3348	2.3387	2.3448	2.3533	2.3573	2.3599	2.3648	2.3679
254	"French Guiana"	3.6833	3.6541	3.596	3.5308	3.4675	3.4068	3.3538	3.2945	3.2543	3.2073	3.1676	3.1341	3.0969	3.0522	3.0259	2.9899	2.9507
258	"French Polynesia"	2.3326	2.3555	2.3533	2.3387	2.3232	2.3045	2.2894	2.2754	2.2577	2.2499	2.2452	2.2375	2.2254	2.2251	2.2218	2.2195	2.2219
266	"Gabon"	4.14	4.0293	3.9086	3.778	3.6692	3.5582	3.4617	3.3766	3.2968	3.2281	3.1696	3.115	3.0575	3.0076	2.9652	2.9227	2.886
270	"Gambia"	5.744	5.6723	5.5633	5.4073	5.223	5.0088	4.778	4.5518	4.3446	4.1247	3.9467	3.775	3.6267	3.5087	3.3728	3.2809	3.1888
268	"Georgia"	2.1524	2.1902	2.2123	2.2269	2.2407	2.2517	2.2593	2.2611	2.2673	2.2759	2.2786	2.2815	2.2872	2.2889	2.2953	2.2954	2.2985
276	"Germany"	1.6433	1.7444	1.8182	1.8783	1.9231	1.9617	1.9957	2.0244	2.0498	2.0725	2.0921	2.1119	2.1225	2.139	2.149	2.1614	2.1751
288	"Ghana"	4.354	4.2771	4.172	4.0594	3.9504	3.852	3.7615	3.6651	3.5843	3.5074	3.4389	3.3697	3.3136	3.2679	3.2179	3.1622	3.1143
300	"Greece"	1.6022	1.6856	1.7594	1.8179	1.8675	1.9065	1.9424	1.9681	1.9964	2.017	2.0378	2.0553	2.073	2.0897	2.1009	2.1124	2.1236
308	"Grenada"	2.4218	2.4317	2.4109	2.3852	2.3582	2.332	2.3134	2.2958	2.2769	2.2653	2.2531	2.2463	2.2397	2.2388	2.2356	2.2346	2.2335
312	"Guadeloupe"	2.2618	2.258	2.2451	2.242	2.238	2.2357	2.2349	2.2349	2.2399	2.2372	2.2375	2.2461	2.2453	2.2436	2.2474	2.2522	2.2546
316	"Guam"	2.6801	2.7119	2.7091	2.6924	2.66	2.6332	2.5985	2.5632	2.5289	2.4936	2.4602	2.4359	2.4064	2.3839	2.369	2.3521	2.3349
320	"Guatemala"	3.3456	3.2861	3.2052	3.1327	3.0609	2.9947	2.9412	2.8848	2.8271	2.7788	2.7317	2.6827	2.6302	2.59	2.5446	2.5143	2.4791
324	"Guinea"	5.1879	5.0205	4.8362	4.667	4.4936	4.3454	4.2026	4.0629	3.9419	3.8347	3.7298	3.6318	3.537	3.4613	3.3899	3.3179	3.2568
624	"Guinea-Bissau"	4.9656	4.8035	4.6389	4.4742	4.3177	4.1696	4.0366	3.9185	3.8058	3.7047	3.6094	3.5201	3.4464	3.3643	3.2976	3.2366	3.1664
328	"Guyana"	2.8389	2.8603	2.8432	2.8176	2.7796	2.7409	2.6973	2.6605	2.6212	2.5782	2.5379	2.5019	2.4637	2.4364	2.4058	2.3845	2.3731
332	"Haiti"	3.2721	3.2058	3.1214	3.0431	2.9626	2.8911	2.8318	2.7739	2.7219	2.6673	2.6226	2.5672	2.5205	2.4862	2.4429	2.407	2.3763
340	"Honduras"	2.8274	2.7894	2.7379	2.6811	2.6277	2.5758	2.5252	2.4783	2.431	2.3908	2.3549	2.3263	2.2984	2.2819	2.2653	2.2537	2.2413
348	"Hungary"	1.5814	1.7038	1.7947	1.8636	1.9156	1.9579	1.9961	2.0261	2.0491	2.0733	2.094	2.1094	2.1274	2.1391	2.1489	2.1613	2.1701
352	"Iceland"	2.2532	2.2842	2.2956	2.2938	2.2842	2.2803	2.2771	2.263	2.2587	2.253	2.2514	2.2453	2.2417	2.2395	2.2449	2.2404	2.2416
356	"India"	2.6804	2.6979	2.6867	2.6637	2.6374	2.6002	2.566	2.54	2.5015	2.4679	2.4347	2.4019	2.3722	2.3484	2.3321	2.3155	2.2997
360	"Indonesia"	2.6832	2.6881	2.6624	2.6273	2.5832	2.5448	2.5061	2.4738	2.44	2.4148	2.383	2.3615	2.3434	2.326	2.3203	2.304	2.3038
364	"Iran (Islamic Republic of)"	1.9562	1.9851	2.0055	2.0222	2.0388	2.0514	2.0661	2.0779	2.0909	2.1008	2.1116	2.126	2.1341	2.1404	2.1514	2.157	2.1639
368	"Iraq"	4.7175	4.6331	4.5297	4.4133	4.312	4.2054	4.1045	4.015	3.9212	3.8358	3.7693	3.6964	3.6241	3.5608	3.493	3.4423	3.3861
372	"Ireland"	2.149	2.1962	2.2277	2.248	2.2643	2.2803	2.2903	2.2993	2.3106	2.32	2.3312	2.3365	2.341	2.3416	2.3441	2.346	2.3475
376	"Israel"	3.3149	3.3492	3.3533	3.3312	3.3113	3.288	3.252	3.2252	3.2012	3.1639	3.1323	3.1021	3.0675	3.0317	3.0011	2.9667	2.9336
380	"Italy"	1.6684	1.7825	1.8631	1.9263	1.9728	2.0109	2.0459	2.0709	2.0928	2.1129	2.1288	2.1463	2.1626	2.1753	2.1871	2.1943	2.2029
388	"Jamaica"	2.3316	2.3389	2.3319	2.3137	2.2965	2.2819	2.2696	2.2613	2.2509	2.2464	2.243	2.2372	2.2365	2.2293	2.2303	2.2332	2.2327
392	"Japan"	1.6637	1.7857	1.8707	1.936	1.984	2.0242	2.0557	2.0802	2.1042	2.1237	2.1414	2.156	2.1695	2.1798	2.1924	2.1996	2.2093
400	"Jordan"	3.7005	3.5734	3.4416	3.314	3.1978	3.0986	3.0131	2.9261	2.8497	2.7722	2.7105	2.6449	2.5868	2.5289	2.4775	2.4307	2.3969
398	"Kazakhstan"	2.8901	2.8931	2.8753	2.8582	2.8342	2.8279	2.801	2.7817	2.7584	2.7427	2.7269	2.7104	2.6955	2.6692	2.6517	2.6324	2.6154
404	"Kenya"	4.2387	4.1317	4.0082	3.8939	3.768	3.6598	3.5617	3.4567	3.372	3.2958	3.212	3.1471	3.08	3.0145	2.9596	2.9042	2.8451
296	"Kiribati"	4.024	4.0039	3.9463	3.8841	3.8086	3.7334	3.6654	3.6013	3.539	3.4878	3.4357	3.3793	3.3253	3.2793	3.228	3.1901	3.1539
414	"Kuwait"	2.3071	2.3004	2.2866	2.2776	2.2723	2.269	2.2651	2.2631	2.2624	2.2667	2.2649	2.2655	2.2671	2.2687	2.2695	2.2735	2.2739
417	"Kyrgyzstan"	3.3148	3.2817	3.226	3.1672	3.1149	3.0603	3.014	2.9705	2.9292	2.8935	2.8494	2.8065	2.7648	2.724	2.6893	2.6499	2.6171
418	"Lao People's Democratic Republic"	3.0322	2.9247	2.8145	2.7208	2.6355	2.5568	2.4902	2.4318	2.3831	2.3419	2.3092	2.2784	2.2627	2.2492	2.2371	2.2328	2.2298
428	"Latvia"	1.7482	1.8602	1.9389	1.9946	2.0399	2.0738	2.1022	2.1265	2.1453	2.1614	2.1798	2.1927	2.2044	2.2102	2.2192	2.2234	2.2314
422	"Lebanon"	1.9038	1.9597	1.9941	2.0257	2.0463	2.0665	2.0813	2.0994	2.1136	2.1251	2.1368	2.1421	2.1503	2.1596	2.1663	2.1737	2.1774
426	"Lesotho"	3.4365	3.3818	3.3122	3.2379	3.1685	3.1095	3.0568	2.9994	2.9481	2.9039	2.8572	2.8165	2.7709	2.7358	2.6956	2.6558	2.615
430	"Liberia"	4.9344	4.8064	4.6648	4.5162	4.3768	4.2534	4.1378	4.021	3.9163	3.8183	3.7234	3.634	3.5536	3.4858	3.4144	3.3527	3.2922
434	"Libya"	2.5781	2.5376	2.4751	2.417	2.3621	2.3283	2.2979	2.282	2.2693	2.2596	2.2543	2.2486	2.2447	2.2478	2.2459	2.2445	2.245
440	"Lithuania"	1.8418	1.9502	2.0232	2.076	2.1165	2.1508	2.1765	2.198	2.217	2.2324	2.2443	2.2573	2.2646	2.271	2.2755	2.2823	2.2869
442	"Luxembourg"	1.7671	1.8564	1.919	1.9651	2.0036	2.0332	2.0612	2.0784	2.0971	2.1145	2.1264	2.1374	2.146	2.1577	2.1645	2.1721	2.1758
450	"Madagascar"	4.5718	4.4992	4.3864	4.2856	4.1878	4.0829	3.985	3.8971	3.8148	3.7329	3.6535	3.5813	3.5159	3.4612	3.3975	3.3433	3.3054
454	"Malawi"	4.945	4.7873	4.6286	4.4696	4.3216	4.1818	4.0602	3.9329	3.8241	3.7296	3.6375	3.5501	3.4601	3.3873	3.3219	3.2563	3.1855
458	"Malaysia"	2.3565	2.3702	2.3601	2.345	2.3235	2.3049	2.2835	2.2709	2.257	2.2475	2.2426	2.2354	2.2299	2.227	2.2272	2.2239	2.2221
462	"Maldives"	2.3904	2.35	2.3049	2.2764	2.2536	2.2421	2.2338	2.2277	2.2251	2.2206	2.224	2.2254	2.2233	2.2229	2.2251	2.2251	2.2306
466	"Mali"	6.3274	6.1351	5.9111	5.6818	5.4443	5.2309	5.0125	4.8061	4.6103	4.4476	4.2826	4.1431	4.0223	3.8952	3.7801	3.6829	3.5813
470	"Malta"	1.6488	1.7555	1.8315	1.8896	1.9351	1.971	2.004	2.0295	2.0524	2.072	2.0887	2.104	2.1134	2.1265	2.1363	2.1457	2.1567
474	"Martinique"	2.2187	2.2214	2.216	2.2113	2.2131	2.2136	2.2129	2.2175	2.2164	2.2245	2.2261	2.2292	2.2326	2.2397	2.2446	2.2455	2.2499
478	"Mauritania"	5.0222	4.9206	4.7986	4.6743	4.5516	4.4353	4.3152	4.2039	4.0982	4.0114	3.9182	3.8365	3.7539	3.6881	3.6199	3.5645	3.5082
480	"Mauritius"	1.7394	1.8034	1.8565	1.9009	1.934	1.9692	1.9958	2.0164	2.0397	2.0585	2.0762	2.0911	2.1058	2.1153	2.1276	2.1383	2.1472
175	"Mayotte"	4.1814	4.0193	3.854	3.699	3.5545	3.4372	3.3182	3.205	3.1212	3.0296	2.9459	2.8692	2.7988	2.7316	2.662	2.6004	2.5392
484	"Mexico"	2.4938	2.4704	2.4338	2.3868	2.3437	2.309	2.281	2.2586	2.2468	2.2346	2.2281	2.2271	2.2235	2.2177	2.2207	2.2225	2.2224
583	"Micronesia (Fed. States of)"	3.5025	3.4501	3.3738	3.2958	3.2202	3.152	3.0921	3.0349	2.9728	2.926	2.8759	2.8281	2.7791	2.7288	2.6843	2.6421	2.5993
496	"Mongolia"	2.8983	2.8919	2.8821	2.873	2.8606	2.8495	2.8405	2.8288	2.8155	2.8083	2.7965	2.7835	2.774	2.7647	2.7518	2.743	2.7285
499	"Montenegro"	1.9771	2.0111	2.033	2.0542	2.0672	2.0811	2.0914	2.1043	2.1187	2.1269	2.1342	2.1447	2.1514	2.1603	2.169	2.1728	2.1782
504	"Morocco"	2.7961	2.7759	2.7324	2.6764	2.6264	2.5815	2.5343	2.4914	2.4453	2.4056	2.3786	2.3561	2.3353	2.3186	2.3069	2.2982	2.2933
508	"Mozambique"	5.5584	5.4504	5.311	5.1613	5.0074	4.8541	4.7057	4.5769	4.455	4.3388	4.2134	4.1051	4.0127	3.9221	3.8408	3.7618	3.6933
104	"Myanmar"	2.5418	2.544	2.523	2.4945	2.4634	2.4275	2.3927	2.3672	2.3386	2.3173	2.3029	2.2879	2.2762	2.2714	2.2633	2.2568	2.2522
516	"Namibia"	3.7467	3.6555	3.5532	3.4472	3.3452	3.2545	3.1762	3.1056	3.0362	2.9798	2.9129	2.8708	2.8105	2.7637	2.7049	2.6619	2.6071
524	"Nepal"	2.4911	2.4584	2.4141	2.3701	2.3218	2.2885	2.2639	2.2422	2.2224	2.2075	2.1999	2.196	2.1938	2.1948	2.1963	2.1948	2.1973
528	"Netherlands"	1.918	1.9883	2.0372	2.0729	2.0996	2.1228	2.1404	2.156	2.1715	2.1884	2.1982	2.2072	2.2154	2.2254	2.2322	2.2372	2.2408
540	"New Caledonia"	2.49	2.5003	2.4842	2.4613	2.4343	2.4095	2.3845	2.3612	2.3421	2.3345	2.3171	2.3083	2.2959	2.2901	2.2883	2.2825	2.2822
554	"New Zealand"	2.3132	2.3349	2.3394	2.3432	2.3358	2.3243	2.32	2.3086	2.2994	2.2901	2.2843	2.282	2.2745	2.2698	2.2689	2.2625	2.2642
558	"Nicaragua"	2.5281	2.5047	2.4714	2.431	2.3827	2.3426	2.3108	2.283	2.2589	2.245	2.2337	2.2229	2.219	2.2142	2.2138	2.2149	2.2162
562	"Niger"	7.4764	7.4238	7.3466	7.2406	7.116	6.9713	6.7905	6.5752	6.342	6.0673	5.7975	5.5055	5.2458	4.9895	4.7551	4.5796	4.3861
566	"Nigeria"	5.8192	5.6979	5.5401	5.3667	5.191	5.0081	4.843	4.6842	4.528	4.3921	4.2664	4.156	4.0367	3.9362	3.8365	3.7496	3.6694
578	"Norway"	1.9969	2.0554	2.0911	2.1191	2.1405	2.1601	2.1729	2.1848	2.1988	2.2093	2.2148	2.2243	2.2332	2.2374	2.2399	2.2428	2.2479
512	"Oman"	2.935	2.7735	2.636	2.5188	2.4273	2.3678	2.324	2.2951	2.2749	2.2641	2.2534	2.2471	2.2424	2.2437	2.2437	2.2447	2.2457
586	"Pakistan"	3.8328	3.709	3.5774	3.4583	3.3409	3.2508	3.1651	3.0844	3.0075	2.9391	2.8922	2.8283	2.7748	2.7258	2.6772	2.6268	2.5763
591	"Panama"	2.8419	2.8552	2.8428	2.8028	2.7785	2.7326	2.6922	2.6558	2.619	2.5807	2.5435	2.508	2.4747	2.4392	2.4175	2.3901	2.372
598	"Papua New Guinea"	4.0332	3.9814	3.8972	3.8221	3.734	3.6482	3.566	3.4861	3.4221	3.3619	3.3071	3.253	3.2044	3.1543	3.1069	3.069	3.026
600	"Paraguay"	2.8348	2.8483	2.8313	2.8049	2.776	2.7403	2.7014	2.6692	2.6285	2.5961	2.5586	2.5248	2.4917	2.4591	2.4259	2.4002	2.3741
604	"Peru"	2.7194	2.7213	2.6967	2.6553	2.6136	2.5652	2.5151	2.4618	2.4258	2.3868	2.3531	2.3299	2.3085	2.2903	2.2789	2.2662	2.256
608	"Philippines"	3.2842	3.2816	3.2522	3.2063	3.1604	3.116	3.0618	3.0114	2.9661	2.9239	2.8816	2.8345	2.7955	2.7566	2.7143	2.6612	2.6186
616	"Poland"	1.5919	1.6783	1.7509	1.8117	1.86	1.9014	1.9393	1.9646	1.9954	2.0199	2.0391	2.0537	2.0711	2.0866	2.0999	2.1123	2.1227
620	"Portugal"	1.5361	1.6361	1.7155	1.7814	1.8358	1.8789	1.9174	1.9504	1.9789	2.0025	2.0246	2.0429	2.0598	2.0783	2.0916	2.1039	2.1156
630	"Puerto Rico"	1.7805	1.8373	1.8834	1.9186	1.9473	1.9756	2.0006	2.0216	2.0404	2.0559	2.0713	2.0848	2.1005	2.1117	2.1219	2.1335	2.1425
634	"Qatar"	2.2252	2.2239	2.2102	2.19	2.1777	2.1632	2.153	2.1497	2.1466	2.1466	2.1497	2.1535	2.1582	2.1612	2.1645	2.1707	2.1758
410	"Republic of Korea"	1.505	1.6417	1.7387	1.8135	1.87	1.9154	1.954	1.986	2.013	2.0369	2.0565	2.0727	2.0883	2.1009	2.1134	2.1217	2.1332
498	"Republic of Moldova"	1.5274	1.6262	1.7091	1.7753	1.8331	1.8775	1.9141	1.9478	1.9776	2.0025	2.0223	2.0408	2.0589	2.0756	2.0886	2.1007	2.1144
638	"Reunion"	2.5855	2.5775	2.548	2.5158	2.4851	2.457	2.4327	2.412	2.4002	2.3834	2.3733	2.3651	2.3584	2.3527	2.349	2.3442	2.3437
642	"Romania"	1.7202	1.8298	1.9051	1.9606	2.0049	2.0423	2.069	2.0983	2.1141	2.1331	2.1528	2.167	2.1752	2.1862	2.1935	2.2057	2.2114
643	"Russian Federation"	1.9259	2.0238	2.0908	2.1407	2.1789	2.2113	2.2359	2.2551	2.2709	2.2823	2.2941	2.301	2.3092	2.3138	2.3216	2.3255	2.3282
646	"Rwanda"	4.2376	4.0336	3.8431	3.6624	3.4999	3.3444	3.2151	3.0958	2.983	2.8811	2.7892	2.7028	2.6104	2.5385	2.469	2.4082	2.3622
662	"Saint Lucia"	1.7611	1.8133	1.8563	1.8935	1.9273	1.9539	1.9782	2.0005	2.0211	2.0411	2.0572	2.0703	2.0862	2.0989	2.1127	2.1211	2.13
670	"Saint Vincent and the Grenadines"	2.2436	2.2461	2.2283	2.2132	2.2	2.193	2.185	2.1787	2.1773	2.1819	2.1819	2.1847	2.1852	2.1902	2.1965	2.2014	2.2056
882	"Samoa"	4.3587	4.288	4.1912	4.0855	4.0011	3.9047	3.8094	3.7291	3.6403	3.5682	3.5021	3.4354	3.3802	3.324	3.2663	3.2152	3.1676
678	"Sao Tome and Principe"	4.8112	4.71	4.5945	4.4651	4.3447	4.2227	4.1179	4.0125	3.9131	3.8324	3.7384	3.6592	3.5791	3.5147	3.4491	3.3929	3.3356
682	"Saudi Arabia"	2.8729	2.8154	2.7377	2.6546	2.5906	2.523	2.46	2.4013	2.3569	2.316	2.2859	2.2633	2.2464	2.2333	2.2276	2.2243	2.2222
686	"Senegal"	5.0895	4.95	4.7984	4.6563	4.5125	4.3797	4.2598	4.1437	4.0457	3.9386	3.8373	3.7601	3.6729	3.5998	3.5252	3.4556	3.3963
688	"Serbia"	1.7959	1.877	1.9313	1.9737	2.0086	2.0373	2.0572	2.0785	2.096	2.1096	2.1227	2.1355	2.1489	2.1579	2.1649	2.1734	2.1809
690	"Seychelles"	2.5418	2.5262	2.5062	2.4795	2.4608	2.4362	2.4239	2.4093	2.3949	2.3842	2.3705	2.3685	2.3626	2.3523	2.3492	2.3445	2.3481
694	"Sierra Leone"	4.8152	4.5854	4.3673	4.1552	3.9718	3.8139	3.6686	3.5324	3.4174	3.3178	3.2289	3.1441	3.0663	2.9949	2.9267	2.8734	2.8141
702	"Singapore"	1.4347	1.5285	1.5992	1.6574	1.7051	1.7469	1.7819	1.8173	1.8438	1.8685	1.8904	1.9163	1.9395	1.9589	1.9722	1.9881	2.0064
703	"Slovakia"	1.6496	1.774	1.8617	1.9267	1.979	2.0213	2.0562	2.08	2.1052	2.1244	2.1425	2.1567	2.1735	2.1851	2.1939	2.2027	2.2093
705	"Slovenia"	1.8163	1.925	1.9974	2.0485	2.091	2.1217	2.1479	2.1699	2.1873	2.2062	2.2177	2.2271	2.2358	2.2427	2.2488	2.2572	2.2636
90	"Solomon Islands"	4.219	4.1317	4.0202	3.9133	3.8078	3.7118	3.6173	3.5344	3.4499	3.3704	3.3008	3.2373	3.1753	3.1271	3.0676	3.013	2.9641
706	"Somalia"	6.5035	6.2576	6.0084	5.7643	5.5314	5.3077	5.1106	4.928	4.7517	4.588	4.4426	4.3143	4.1909	4.0704	3.9581	3.8589	3.7693
710	"South Africa"	2.7858	2.7915	2.7718	2.7468	2.7138	2.6709	2.6319	2.5954	2.5535	2.5161	2.4731	2.4363	2.4091	2.3814	2.3608	2.343	2.3265
728	"South Sudan"	5.1899	5.0137	4.8285	4.6513	4.4761	4.3182	4.1733	4.0378	3.915	3.8108	3.7031	3.6079	3.525	3.4407	3.3666	3.3049	3.2341
724	"Spain"	1.5701	1.6876	1.7777	1.8431	1.8936	1.9371	1.9745	2.0055	2.0329	2.0544	2.0764	2.0927	2.109	2.1239	2.1382	2.1479	2.1589
144	"Sri Lanka"	2.3768	2.3861	2.3755	2.3634	2.3441	2.3283	2.3111	2.295	2.2832	2.2749	2.2691	2.2632	2.2593	2.2559	2.2558	2.2523	2.2557
275	"State of Palestine"	4.3833	4.2836	4.1611	4.0428	3.9235	3.821	3.7287	3.6245	3.54	3.4539	3.3786	3.3056	3.2351	3.1755	3.1166	3.0731	3.0099
729	"Sudan"	4.8856	4.7789	4.6532	4.5262	4.3962	4.2813	4.1716	4.0687	3.9619	3.8782	3.7883	3.7016	3.6287	3.5577	3.4865	3.4307	3.3602
740	"Suriname"	2.6986	2.7155	2.7022	2.6692	2.6279	2.5859	2.5549	2.5105	2.4736	2.4372	2.4075	2.3786	2.3635	2.3364	2.3202	2.3114	2.2996
748	"Swaziland"	3.4434	3.3589	3.264	3.1658	3.0793	2.9955	2.9238	2.8632	2.8019	2.7456	2.6884	2.6332	2.583	2.5365	2.4833	2.4361	2.4041
752	"Sweden"	2.0862	2.1487	2.1944	2.225	2.2492	2.269	2.2873	2.2973	2.3096	2.3182	2.3267	2.3358	2.3375	2.3429	2.3452	2.3474	2.3488
756	"Switzerland"	1.7171	1.7995	1.8596	1.9061	1.9442	1.9784	2.0052	2.03	2.0536	2.073	2.0916	2.1087	2.1265	2.1359	2.152	2.1633	2.1713
760	"Syrian Arab Republic"	3.2444	3.1576	3.0648	2.9705	2.8918	2.8114	2.7362	2.6632	2.5955	2.5332	2.4671	2.4204	2.3762	2.344	2.3178	2.2917	2.2789
762	"Tajikistan"	3.7084	3.67	3.5958	3.5291	3.454	3.3805	3.3163	3.2522	3.1921	3.1408	3.0867	3.0297	2.9819	2.9346	2.8845	2.8471	2.7976
807	"TFYR Macedonia"	1.7231	1.8128	1.8778	1.9288	1.9685	2.0004	2.025	2.0481	2.0702	2.0878	2.0993	2.1127	2.1247	2.1386	2.1475	2.1565	2.1665
764	"Thailand"	1.7735	1.8303	1.8725	1.9122	1.9416	1.971	1.9949	2.0151	2.0363	2.056	2.0703	2.0839	2.0969	2.112	2.12	2.1324	2.142
626	"Timor-Leste"	5.7805	5.5029	5.2299	4.97	4.728	4.5068	4.3267	4.1518	3.9941	3.8482	3.7189	3.5945	3.4957	3.3999	3.3074	3.2311	3.151
768	"Togo"	4.8012	4.678	4.5398	4.3981	4.2685	4.1533	4.0388	3.9325	3.8341	3.7379	3.6444	3.5792	3.5011	3.4259	3.3548	3.2898	3.2422
776	"Tonga"	4.0183	3.9862	3.924	3.8521	3.7851	3.7121	3.6461	3.5797	3.5112	3.4543	3.4051	3.3381	3.2888	3.2415	3.1906	3.1491	3.1094
780	"Trinidad and Tobago"	2.0559	2.0751	2.0878	2.0952	2.1032	2.11	2.116	2.1265	2.1339	2.1418	2.1538	2.1571	2.1643	2.1683	2.1736	2.1818	2.1881
788	"Tunisia"	2.3842	2.3808	2.3742	2.3681	2.365	2.358	2.3531	2.3497	2.3464	2.3437	2.3414	2.3406	2.335	2.3323	2.3324	2.3307	2.3288
792	"Turkey"	2.3703	2.3804	2.3736	2.3471	2.3291	2.3058	2.2812	2.2688	2.2598	2.2496	2.2409	2.2345	2.2287	2.227	2.2279	2.2259	2.2283
795	"Turkmenistan"	3.1834	3.1459	3.0758	3.019	2.9472	2.8945	2.8405	2.7833	2.7353	2.6866	2.639	2.5919	2.5455	2.505	2.4729	2.4462	2.4174
800	"Uganda"	5.8773	5.6554	5.4376	5.2205	5.0057	4.8133	4.6275	4.4634	4.3185	4.1829	4.0422	3.9101	3.8055	3.7049	3.6148	3.5367	3.4601
804	"Ukraine"	1.7408	1.8539	1.9324	1.9915	2.0372	2.074	2.1041	2.1295	2.1466	2.1652	2.1812	2.1957	2.2088	2.2171	2.2276	2.2316	2.2374
784	"United Arab Emirates"	2.062	2.0737	2.0761	2.0808	2.0821	2.0871	2.0942	2.1011	2.1118	2.1146	2.1239	2.1289	2.1363	2.1473	2.1508	2.1599	2.1664
826	"United Kingdom"	2.0402	2.0906	2.1219	2.1489	2.1664	2.182	2.1948	2.2038	2.2144	2.2215	2.2248	2.2336	2.2419	2.2458	2.2491	2.2486	2.2527
834	"United Republic of Tanzania"	5.3497	5.2325	5.0814	4.9515	4.8102	4.663	4.5368	4.4166	4.2978	4.1915	4.096	4.006	3.9231	3.8379	3.7693	3.6893	3.6246
840	"United States of America"	2.0554	2.116	2.1547	2.1828	2.2032	2.2165	2.2311	2.2426	2.2553	2.2628	2.2713	2.2748	2.2799	2.2838	2.2901	2.2968	2.2951
850	"United States Virgin Islands"	2.539	2.5428	2.5178	2.4872	2.4511	2.4284	2.3927	2.3717	2.3521	2.3369	2.3252	2.316	2.3079	2.3014	2.2965	2.2928	2.2931
858	"Uruguay"	2.3141	2.3398	2.3492	2.3513	2.3458	2.336	2.3273	2.3231	2.3116	2.3001	2.2953	2.2921	2.2818	2.2754	2.2727	2.2704	2.2719
860	"Uzbekistan"	2.6105	2.6051	2.5745	2.5396	2.4969	2.4618	2.4262	2.3932	2.3644	2.3372	2.3183	2.3026	2.289	2.2824	2.2718	2.2668	2.2642
548	"Vanuatu"	3.645	3.6428	3.598	3.5464	3.4975	3.4458	3.3836	3.33	3.2902	3.2375	3.1925	3.1417	3.095	3.0487	3.0069	2.9606	2.9253
862	"Venezuela (Bolivarian Republic of)"	2.6449	2.6644	2.6411	2.6119	2.5772	2.5423	2.503	2.4623	2.4239	2.3931	2.3638	2.3416	2.3172	2.2997	2.2892	2.2812	2.2733
704	"Viet Nam"	2.1189	2.1696	2.2038	2.2274	2.2451	2.2607	2.2729	2.2847	2.2947	2.3047	2.3105	2.3172	2.3225	2.3254	2.3281	2.3326	2.3384
732	"Western Sahara"	2.7874	2.7643	2.7104	2.6597	2.5958	2.5419	2.48	2.4299	2.3836	2.3477	2.319	2.2938	2.2761	2.2693	2.2544	2.2509	2.2519
887	"Yemen"	4.2974	4.0019	3.7391	3.51	3.3065	3.1352	2.9816	2.8444	2.7326	2.6202	2.5132	2.4315	2.3703	2.3167	2.2822	2.2574	2.2401
894	"Zambia"	5.3237	5.2207	5.0956	4.9666	4.8478	4.7354	4.6174	4.5091	4.4007	4.3075	4.219	4.1295	4.0479	3.9691	3.9061	3.833	3.7737
716	"Zimbabwe"	4.0713	3.9065	3.7465	3.5897	3.4471	3.3285	3.2202	3.1265	3.0379	2.9636	2.8878	2.8171	2.7497	2.6737	2.6194	2.5644	2.5053
