"country_code"	"name"	"2015-2020"	"2020-2025"	"2025-2030"	"2030-2035"	"2035-2040"	"2040-2045"	"2045-2050"	"2050-2055"	"2055-2060"	"2060-2065"	"2065-2070"	"2070-2075"	"2075-2080"	"2080-2085"	"2085-2090"	"2090-2095"	"2095-2100"
4	"Afghanistan"	3.8717	2.8091	2.0737	1.6926	1.4992	1.3582	1.251	1.164	1.0817	1.021	0.9766	0.9359	0.9106	0.8964	0.8908	0.8971	0.9126
8	"Albania"	1.3645	1.1899	1.0415	0.9506	0.8931	0.8566	0.8496	0.8592	0.895	0.9323	0.9735	1.0121	1.0554	1.096	1.137	1.1714	1.2023
12	"Algeria"	2.2028	1.9296	1.7359	1.5815	1.4521	1.3565	1.2768	1.2123	1.1662	1.1523	1.1445	1.1629	1.1959	1.2421	1.2841	1.3173	1.3501
24	"Angola"	5.1773	4.5391	3.9022	3.3052	2.7959	2.4139	2.1552	1.9595	1.8115	1.701	1.614	1.5406	1.4834	1.4333	1.3759	1.3509	1.3252
28	"Antigua and Barbuda"	1.6903	1.5126	1.3791	1.2715	1.1924	1.133	1.1039	1.0808	1.0806	1.0943	1.1057	1.1224	1.1489	1.1757	1.2035	1.22	1.2422
32	"Argentina"	1.9159	1.7214	1.5704	1.4456	1.3432	1.2689	1.2048	1.1619	1.1278	1.1173	1.1122	1.1153	1.1217	1.1304	1.1453	1.1572	1.1731
51	"Armenia"	1.2821	1.1208	0.9982	0.9185	0.8727	0.8506	0.8586	0.8876	0.9289	0.9688	1.0121	1.0508	1.0864	1.1133	1.1411	1.1685	1.1926
533	"Aruba"	1.5198	1.3705	1.259	1.1765	1.1231	1.1108	1.1216	1.1424	1.1786	1.219	1.26	1.2879	1.3167	1.3383	1.3594	1.371	1.3861
36	"Australia"	1.505	1.333	1.2059	1.1067	1.0354	0.9928	0.9733	0.9752	0.998	1.0341	1.0764	1.1067	1.1349	1.1627	1.1936	1.2209	1.2386
40	"Austria"	1.3329	1.3104	1.2984	1.2938	1.29	1.2903	1.292	1.2918	1.2906	1.2864	1.2917	1.2919	1.293	1.2926	1.2953	1.2966	1.2982
31	"Azerbaijan"	1.6968	1.5014	1.3514	1.2347	1.1429	1.0797	1.0392	1.0124	1.0053	1.0086	1.0246	1.0517	1.0778	1.1156	1.155	1.1854	1.2249
44	"Bahamas"	1.4279	1.258	1.1267	1.0255	0.9617	0.9289	0.9165	0.9242	0.9492	0.9846	1.0113	1.0442	1.0714	1.1061	1.1322	1.1491	1.1679
48	"Bahrain"	1.6501	1.4259	1.2479	1.1066	0.9956	0.9146	0.864	0.831	0.8237	0.8269	0.8474	0.8826	0.9145	0.9536	0.9924	1.0356	1.073
50	"Bangladesh"	1.7062	1.4676	1.2811	1.1339	1.0159	0.932	0.8701	0.8385	0.8248	0.8286	0.8454	0.8719	0.9145	0.9587	1.0076	1.0521	1.0922
52	"Barbados"	1.6314	1.5804	1.5494	1.5306	1.5111	1.4957	1.4873	1.4802	1.4751	1.4684	1.4626	1.4617	1.4588	1.4535	1.4504	1.4506	1.4444
112	"Belarus"	1.5276	1.5138	1.5087	1.5086	1.5126	1.5135	1.5177	1.5196	1.5228	1.5194	1.5234	1.5248	1.5264	1.5262	1.525	1.5246	1.5269
56	"Belgium"	1.6273	1.5872	1.5607	1.5423	1.5293	1.5214	1.5156	1.5095	1.5038	1.4995	1.4946	1.4908	1.4881	1.4877	1.4851	1.4794	1.4779
84	"Belize"	2.054	1.7911	1.6011	1.4496	1.3232	1.2249	1.1423	1.0909	1.0384	1.0039	0.9826	0.9715	0.9719	0.9768	0.9929	1.0136	1.0382
204	"Benin"	4.428	3.8824	3.4229	3.0201	2.6839	2.4164	2.2029	2.0163	1.8839	1.7658	1.6684	1.5806	1.5141	1.4588	1.3996	1.3452	1.3094
64	"Bhutan"	1.6419	1.3856	1.1939	1.0483	0.9403	0.8645	0.8226	0.8029	0.7948	0.8095	0.8401	0.8852	0.9366	0.9846	1.0314	1.0794	1.1138
68	"Bolivia (Plurinational State of)"	2.3894	2.0477	1.8152	1.6407	1.5111	1.4114	1.3251	1.2553	1.1988	1.1538	1.1204	1.0923	1.0831	1.0712	1.0634	1.0661	1.069
70	"Bosnia and Herzegovina"	1.1314	1.0301	0.9719	0.9581	0.9808	1.0161	1.0511	1.0809	1.1029	1.1285	1.1505	1.1713	1.1824	1.1943	1.2121	1.2194	1.2312
72	"Botswana"	2.2565	1.9674	1.7531	1.5775	1.4347	1.3099	1.2108	1.1277	1.0659	1.0256	0.9974	0.9891	0.9932	0.9965	1.023	1.0491	1.0706
76	"Brazil"	1.3763	1.1945	1.0589	0.9582	0.8886	0.8427	0.8236	0.8261	0.8496	0.879	0.9183	0.9597	1.0004	1.038	1.0751	1.1119	1.1389
96	"Brunei Darussalam"	1.493	1.299	1.1554	1.0319	0.945	0.8928	0.8662	0.8582	0.858	0.8767	0.9089	0.9515	0.9939	1.0364	1.0748	1.1126	1.1394
100	"Bulgaria"	1.4073	1.402	1.4099	1.4164	1.4295	1.4343	1.4433	1.4461	1.4545	1.455	1.4555	1.4612	1.4623	1.4672	1.467	1.4721	1.4709
854	"Burkina Faso"	4.7606	4.019	3.3243	2.7549	2.3581	2.0867	1.8871	1.7294	1.6234	1.5259	1.4518	1.3872	1.3436	1.2993	1.262	1.2244	1.2033
108	"Burundi"	5.1178	4.3425	3.6238	2.9995	2.5476	2.2375	2.0218	1.8551	1.7305	1.6238	1.5367	1.4749	1.411	1.3659	1.3254	1.2943	1.2662
132	"Cabo Verde"	1.8522	1.5854	1.4088	1.274	1.1619	1.08	1.0156	0.9644	0.9314	0.9168	0.9145	0.9189	0.9329	0.9489	0.9809	1.0127	1.0541
116	"Cambodia"	2.0901	1.7987	1.6099	1.4725	1.3657	1.2779	1.2107	1.1546	1.1056	1.075	1.0529	1.0378	1.0307	1.0298	1.0302	1.0363	1.0447
120	"Cameroon"	4.1557	3.6364	3.2082	2.8444	2.5386	2.2897	2.0901	1.9417	1.8116	1.7076	1.6145	1.5345	1.472	1.4136	1.3629	1.3207	1.2791
124	"Canada"	1.2503	1.0935	0.9771	0.9015	0.8587	0.8526	0.8615	0.9035	0.9589	1.0105	1.0607	1.1012	1.141	1.1651	1.1893	1.2135	1.2322
140	"Central African Republic"	4.2975	3.6092	2.936	2.3735	2.0059	1.7725	1.6079	1.4862	1.3883	1.32	1.2626	1.2207	1.1927	1.164	1.1482	1.1397	1.1356
148	"Chad"	5.3118	4.4199	3.6261	2.9785	2.5096	2.1844	1.9524	1.7803	1.6568	1.5501	1.4731	1.4004	1.3423	1.2901	1.2574	1.2221	1.1931
830	"Channel Islands"	1.3186	1.2793	1.2567	1.2413	1.2285	1.2215	1.2164	1.2085	1.2037	1.1994	1.2	1.1941	1.1932	1.1912	1.1911	1.1906	1.1896
152	"Chile"	1.4373	1.2696	1.1474	1.0547	0.9955	0.9661	0.9475	0.9624	0.9889	1.0273	1.0656	1.1035	1.1384	1.1705	1.1975	1.2278	1.2487
156	"China"	1.4632	1.4294	1.4111	1.3971	1.387	1.3777	1.3724	1.3705	1.3705	1.3631	1.3613	1.3634	1.3629	1.359	1.358	1.3591	1.3583
344	"China, Hong Kong SAR"	1.1368	1.1477	1.1681	1.1892	1.2085	1.2272	1.2445	1.2617	1.2756	1.2911	1.2998	1.3092	1.3194	1.3291	1.3333	1.3385	1.3436
446	"China, Macao SAR"	1.1553	1.1956	1.2388	1.2784	1.3091	1.3379	1.3607	1.3834	1.3979	1.4111	1.4233	1.4319	1.4342	1.4453	1.4458	1.4487	1.4518
158	"China, Taiwan Province of China"	1.0177	1.0095	1.0133	1.0179	1.0273	1.0393	1.0475	1.0565	1.0661	1.0725	1.0849	1.0964	1.1044	1.1118	1.1225	1.1302	1.1431
170	"Colombia"	1.4886	1.2827	1.1254	0.9967	0.9123	0.8502	0.8207	0.8174	0.8358	0.8789	0.9202	0.9696	1.0191	1.0618	1.0989	1.1298	1.1632
174	"Comoros"	3.7717	3.2535	2.8441	2.51	2.2512	2.0422	1.8814	1.7565	1.6425	1.5461	1.4679	1.4047	1.3473	1.2895	1.2398	1.1994	1.1723
178	"Congo"	4.1215	3.6573	3.2658	2.9403	2.6638	2.4193	2.2226	2.0584	1.9182	1.8077	1.717	1.6299	1.5677	1.5043	1.4539	1.4017	1.3625
188	"Costa Rica"	1.4354	1.2416	1.0909	0.979	0.8999	0.8558	0.8332	0.8387	0.8674	0.9094	0.9661	1.0137	1.0574	1.1021	1.1333	1.1647	1.1926
384	"Cote d'Ivoire"	4.3721	3.8817	3.4685	3.109	2.8051	2.5452	2.3395	2.1594	2.0099	1.8967	1.7927	1.7013	1.6161	1.5499	1.4812	1.4297	1.3748
191	"Croatia"	1.1346	0.9862	0.8835	0.8169	0.7866	0.788	0.84	0.899	0.9723	1.0236	1.068	1.1042	1.1326	1.1619	1.1826	1.2026	1.22
192	"Cuba"	1.4559	1.3239	1.2174	1.1522	1.1021	1.0888	1.088	1.1018	1.1214	1.1447	1.1762	1.1981	1.2243	1.2458	1.267	1.2899	1.3034
531	"Curacao"	1.7198	1.5576	1.4362	1.3468	1.2786	1.2372	1.22	1.2123	1.2164	1.2443	1.2748	1.3056	1.3296	1.3556	1.372	1.3849	1.4032
196	"Cyprus"	1.0338	0.8865	0.7958	0.7388	0.7171	0.7408	0.8076	0.8797	0.9492	1.004	1.0465	1.077	1.1009	1.1254	1.145	1.158	1.1823
203	"Czechia"	1.3887	1.3936	1.4039	1.4188	1.427	1.438	1.4471	1.4528	1.46	1.4671	1.4693	1.4728	1.472	1.4727	1.4749	1.48	1.479
408	"Dem. People's Republic of Korea"	1.5595	1.3943	1.2696	1.1754	1.1065	1.0587	1.0337	1.0311	1.0475	1.0612	1.0843	1.1055	1.1338	1.1658	1.1865	1.2142	1.2389
180	"Democratic Republic of the Congo"	5.4233	4.409	3.4752	2.7527	2.2703	1.9612	1.7537	1.6033	1.4799	1.3814	1.3079	1.2443	1.199	1.1653	1.1345	1.1194	1.108
208	"Denmark"	1.5919	1.5611	1.5486	1.5392	1.5346	1.5329	1.5343	1.5308	1.5319	1.5328	1.5305	1.528	1.5271	1.5282	1.5302	1.528	1.5315
262	"Djibouti"	2.2771	1.8741	1.6331	1.4688	1.3347	1.2315	1.1387	1.0679	1.011	0.9758	0.9512	0.946	0.9424	0.9498	0.9623	0.9914	1.0132
214	"Dominican Republic"	2.0151	1.7625	1.568	1.4054	1.272	1.1637	1.0751	1.0083	0.9626	0.9356	0.9219	0.9205	0.9373	0.9546	0.9852	1.023	1.0595
218	"Ecuador"	2.0712	1.8347	1.6468	1.498	1.3746	1.2685	1.1849	1.1149	1.0613	1.0238	1.005	0.9925	0.9945	0.9945	1.0102	1.0302	1.052
818	"Egypt"	2.7205	2.4109	2.1835	1.9997	1.8514	1.7169	1.6091	1.5138	1.4281	1.3626	1.3033	1.2615	1.2227	1.1933	1.1755	1.1619	1.1561
222	"El Salvador"	1.6838	1.4778	1.3174	1.1918	1.0931	1.0094	0.9534	0.9197	0.9008	0.897	0.9066	0.9228	0.9416	0.9715	0.9995	1.0293	1.0621
226	"Equatorial Guinea"	4.0368	3.269	2.639	2.2017	1.9362	1.7384	1.6046	1.4944	1.4093	1.3466	1.2937	1.2448	1.1974	1.1707	1.1467	1.135	1.1176
232	"Eritrea"	3.5483	3.0184	2.5926	2.2669	2.0269	1.8505	1.7145	1.6033	1.5089	1.4308	1.3613	1.3036	1.2491	1.2202	1.1743	1.1442	1.1235
233	"Estonia"	1.4814	1.4687	1.4681	1.4727	1.4711	1.4777	1.4793	1.4855	1.4892	1.4924	1.4933	1.4937	1.4982	1.4975	1.5033	1.5007	1.498
231	"Ethiopia"	3.5069	2.727	2.1801	1.8458	1.6427	1.4891	1.37	1.2703	1.1979	1.123	1.0702	1.0334	0.9995	0.9768	0.9705	0.9735	0.9736
242	"Fiji"	2.111	1.8804	1.7015	1.552	1.4325	1.3265	1.2482	1.1771	1.1268	1.0952	1.0743	1.059	1.0663	1.0746	1.0943	1.1088	1.1398
246	"Finland"	1.6154	1.5704	1.5454	1.5309	1.5155	1.5082	1.5017	1.4969	1.4945	1.488	1.4853	1.48	1.4784	1.4792	1.4733	1.474	1.4686
250	"France"	1.8022	1.7422	1.7003	1.6694	1.6485	1.634	1.62	1.6142	1.6043	1.5946	1.5871	1.5784	1.5748	1.5691	1.5656	1.5627	1.5584
254	"French Guiana"	2.8421	2.5598	2.3492	2.1775	2.0302	1.9059	1.8037	1.7131	1.6319	1.574	1.5179	1.4735	1.4332	1.4057	1.3828	1.3646	1.3489
258	"French Polynesia"	1.6409	1.453	1.3082	1.1938	1.1085	1.0404	0.995	0.9675	0.9512	0.9597	0.9701	0.9814	1.0023	1.0258	1.0525	1.0696	1.0952
266	"Gabon"	3.2182	2.7756	2.4345	2.1733	1.9677	1.8154	1.691	1.5819	1.4913	1.4161	1.3525	1.2983	1.2513	1.2138	1.1808	1.1601	1.1562
270	"Gambia"	4.882	4.1959	3.5024	2.8475	2.3446	1.9868	1.7656	1.6052	1.4894	1.3924	1.3199	1.2587	1.2156	1.1728	1.1457	1.1247	1.1129
268	"Georgia"	1.7585	1.6431	1.5463	1.4664	1.3913	1.3392	1.3013	1.2825	1.2683	1.2683	1.2861	1.2955	1.3122	1.3242	1.3378	1.3531	1.3689
276	"Germany"	1.3009	1.2715	1.2565	1.2457	1.2395	1.2336	1.2296	1.2256	1.226	1.2205	1.2256	1.2252	1.2237	1.2257	1.2247	1.2231	1.2258
288	"Ghana"	3.4317	3.0009	2.6546	2.3786	2.1574	1.9807	1.8424	1.7199	1.6218	1.5427	1.4678	1.3942	1.3335	1.2844	1.2461	1.2156	1.1929
300	"Greece"	1.0018	0.8572	0.7686	0.7154	0.6993	0.7353	0.7988	0.8766	0.9412	0.9922	1.0339	1.065	1.095	1.1154	1.1371	1.1483	1.1617
308	"Grenada"	1.7228	1.5081	1.3439	1.2049	1.097	1.0141	0.9591	0.9208	0.9092	0.9087	0.923	0.9495	0.9778	1.014	1.0479	1.0837	1.1193
312	"Guadeloupe"	1.5774	1.4005	1.2675	1.1646	1.0895	1.0506	1.0336	1.05	1.0805	1.1372	1.1792	1.2198	1.2578	1.2891	1.3178	1.3407	1.356
316	"Guam"	1.9616	1.754	1.5928	1.4597	1.3543	1.2658	1.1975	1.1492	1.1214	1.102	1.1048	1.1009	1.1151	1.1251	1.1406	1.1621	1.1844
320	"Guatemala"	2.4279	2.0242	1.7614	1.5799	1.4506	1.3522	1.265	1.1964	1.1452	1.0997	1.0642	1.0379	1.0243	1.0242	1.0269	1.0341	1.0364
324	"Guinea"	4.2687	3.6216	3.0642	2.6172	2.2826	2.041	1.8654	1.7276	1.617	1.5302	1.452	1.3894	1.3434	1.3002	1.2626	1.2324	1.202
624	"Guinea-Bissau"	4.0572	3.4873	3.0193	2.6297	2.3381	2.0916	1.9164	1.7753	1.6528	1.5682	1.4895	1.423	1.3652	1.3078	1.2597	1.2285	1.1969
328	"Guyana"	2.1015	1.87	1.6925	1.5407	1.4239	1.3283	1.2471	1.184	1.1417	1.1068	1.0895	1.0857	1.0886	1.0952	1.0993	1.1211	1.137
332	"Haiti"	2.3906	2.008	1.7632	1.5993	1.4639	1.3478	1.2617	1.1832	1.1206	1.0694	1.0358	1.0094	0.9932	0.9946	1.0006	1.0077	1.0288
340	"Honduras"	1.942	1.6308	1.4477	1.3231	1.221	1.1446	1.0687	1.0244	0.9824	0.9604	0.9458	0.941	0.9477	0.9615	0.9788	0.9985	1.0271
348	"Hungary"	1.2186	1.1953	1.1828	1.1753	1.1751	1.1711	1.1743	1.1715	1.1733	1.1718	1.1732	1.174	1.1762	1.1799	1.18	1.185	1.185
352	"Iceland"	1.5856	1.4085	1.2706	1.1647	1.0813	1.0315	0.9902	0.9817	0.9953	1.0129	1.0369	1.0566	1.0822	1.1097	1.138	1.164	1.1854
356	"India"	1.901	1.6696	1.5058	1.3779	1.2747	1.1929	1.129	1.0759	1.0454	1.0255	1.0181	1.0088	1.0148	1.0201	1.0368	1.0495	1.069
360	"Indonesia"	1.9505	1.7302	1.5646	1.4298	1.3312	1.2412	1.172	1.1303	1.1042	1.083	1.0788	1.0872	1.1076	1.131	1.1565	1.1815	1.2093
364	"Iran (Islamic Republic of)"	1.2806	1.0672	0.9174	0.8171	0.7602	0.7373	0.7449	0.7876	0.851	0.9268	0.9931	1.0508	1.0962	1.1313	1.161	1.1861	1.2084
368	"Iraq"	3.8131	3.3779	3.0356	2.747	2.5044	2.3086	2.1313	1.9922	1.8703	1.7605	1.6637	1.5827	1.5075	1.4444	1.3888	1.3424	1.3042
372	"Ireland"	1.8101	1.7425	1.6969	1.6616	1.6364	1.6155	1.5994	1.5844	1.5708	1.5603	1.5518	1.5449	1.5372	1.5335	1.5281	1.5217	1.5156
376	"Israel"	2.5241	2.2828	2.0958	1.9405	1.8074	1.6955	1.594	1.5066	1.4399	1.3831	1.3301	1.2988	1.2657	1.2441	1.2272	1.2196	1.2187
380	"Italy"	1.3156	1.3004	1.2937	1.29	1.294	1.2955	1.2962	1.3001	1.3047	1.3051	1.3101	1.3118	1.3157	1.3155	1.3169	1.3214	1.3229
388	"Jamaica"	1.6488	1.4519	1.2992	1.1823	1.0878	1.0274	0.9872	0.9699	0.9658	0.9805	1.0048	1.0329	1.069	1.1057	1.1352	1.1647	1.192
392	"Japan"	1.2989	1.2808	1.2773	1.2744	1.2713	1.275	1.2785	1.2823	1.2847	1.2854	1.2852	1.2886	1.2897	1.2926	1.2967	1.2987	1.3061
400	"Jordan"	2.8251	2.4432	2.1675	1.9362	1.7494	1.5922	1.4545	1.3386	1.2316	1.1541	1.0853	1.0431	1.0057	0.9899	0.9862	0.9919	1.0043
398	"Kazakhstan"	2.2537	2.0294	1.8596	1.7242	1.6151	1.5122	1.4285	1.3604	1.3068	1.2673	1.2371	1.2181	1.2013	1.2009	1.1982	1.2013	1.2037
404	"Kenya"	3.2978	2.8218	2.4521	2.174	1.9673	1.816	1.687	1.5759	1.48	1.3943	1.3156	1.2466	1.1928	1.1429	1.1116	1.0791	1.0627
296	"Kiribati"	3.1422	2.8165	2.5677	2.3593	2.1841	2.0291	1.9013	1.79	1.6806	1.5942	1.5228	1.4569	1.3969	1.3475	1.3127	1.2752	1.2478
414	"Kuwait"	1.6185	1.4276	1.2838	1.1697	1.0857	1.0225	0.9987	1.0004	1.0409	1.0853	1.1447	1.2022	1.2517	1.2828	1.3217	1.3502	1.3706
417	"Kyrgyzstan"	2.4951	2.2245	2.0222	1.869	1.7404	1.6285	1.5333	1.4545	1.3943	1.3442	1.3018	1.2701	1.2501	1.2339	1.2228	1.2197	1.2236
418	"Lao People's Democratic Republic"	2.1869	1.8541	1.6205	1.4318	1.2797	1.1479	1.0469	0.9728	0.9234	0.894	0.8847	0.8887	0.9034	0.9312	0.9606	1.0043	1.0394
428	"Latvia"	1.3937	1.3866	1.388	1.3907	1.3957	1.4031	1.408	1.4159	1.4208	1.4256	1.4257	1.4285	1.433	1.4368	1.4375	1.4395	1.4383
422	"Lebanon"	1.3436	1.1856	1.0668	0.9812	0.9234	0.8947	0.8837	0.8842	0.909	0.9345	0.9687	1.0031	1.0445	1.0874	1.1244	1.1516	1.175
426	"Lesotho"	2.5789	2.2245	1.9777	1.7902	1.6427	1.5187	1.4292	1.3471	1.2727	1.2175	1.1761	1.1453	1.1201	1.1013	1.0961	1.0999	1.0993
430	"Liberia"	4.0248	3.4853	3.0256	2.6498	2.3446	2.1117	1.9337	1.7918	1.6912	1.6003	1.522	1.4535	1.4002	1.352	1.3103	1.2693	1.2363
434	"Libya"	1.8407	1.5809	1.3875	1.2292	1.1008	0.9985	0.9333	0.901	0.8852	0.8899	0.9127	0.9572	1.0111	1.0724	1.1198	1.1649	1.2006
440	"Lithuania"	1.4808	1.4663	1.461	1.4611	1.4627	1.466	1.4682	1.4706	1.4733	1.4763	1.4755	1.4785	1.478	1.4793	1.4823	1.4822	1.4853
442	"Luxembourg"	1.4223	1.3983	1.3855	1.3798	1.3746	1.3762	1.3778	1.3782	1.3759	1.379	1.3772	1.3762	1.3791	1.3785	1.3828	1.3827	1.3891
450	"Madagascar"	3.6293	3.1582	2.771	2.454	2.2078	2.0011	1.8535	1.7372	1.6378	1.557	1.4906	1.4337	1.3793	1.3301	1.2917	1.2584	1.2239
454	"Malawi"	4.0299	3.4627	2.9866	2.5838	2.268	2.0469	1.8704	1.7416	1.6428	1.5561	1.4734	1.4103	1.3574	1.3053	1.2547	1.2057	1.1685
458	"Malaysia"	1.6661	1.4592	1.3079	1.183	1.0859	1.0124	0.9594	0.935	0.9223	0.9183	0.9327	0.9576	0.9852	1.0201	1.052	1.0906	1.1186
462	"Maldives"	1.6524	1.3937	1.1954	1.0423	0.934	0.8622	0.8251	0.8118	0.8244	0.8599	0.9184	0.9846	1.0543	1.1127	1.161	1.1943	1.2291
466	"Mali"	5.4678	4.5718	3.6908	2.9258	2.3973	2.0541	1.8221	1.6529	1.5354	1.4348	1.3579	1.289	1.2431	1.2129	1.18	1.157	1.1365
470	"Malta"	1.2507	1.165	1.1008	1.0825	1.1029	1.1218	1.1384	1.1621	1.1825	1.2011	1.2207	1.2367	1.2527	1.2639	1.2759	1.2852	1.2932
474	"Martinique"	1.5415	1.3675	1.2399	1.1405	1.0819	1.0416	1.0346	1.053	1.0968	1.1456	1.1917	1.2423	1.2726	1.3031	1.3295	1.3462	1.3644
478	"Mauritania"	4.1265	3.621	3.1782	2.7933	2.4804	2.2267	2.035	1.8876	1.77	1.684	1.6011	1.5295	1.474	1.4264	1.3827	1.3428	1.3081
480	"Mauritius"	1.124	0.9659	0.8557	0.7938	0.7609	0.7704	0.816	0.8878	0.9641	1.0242	1.0694	1.114	1.1432	1.1685	1.1915	1.2087	1.2208
175	"Mayotte"	3.2724	2.8429	2.5207	2.2615	2.0434	1.8586	1.6976	1.5503	1.4271	1.3164	1.2228	1.1423	1.0834	1.0287	1.0042	0.9854	0.987
484	"Mexico"	1.7787	1.5313	1.3433	1.1853	1.055	0.958	0.8973	0.8602	0.8477	0.8492	0.873	0.901	0.9497	0.9996	1.051	1.094	1.1343
583	"Micronesia (Fed. States of)"	2.6326	2.2685	2.0017	1.8112	1.6617	1.5409	1.4317	1.3471	1.273	1.206	1.1503	1.1114	1.0785	1.0523	1.041	1.0391	1.0384
496	"Mongolia"	2.2054	1.948	1.7731	1.6544	1.5542	1.4882	1.4421	1.4198	1.4206	1.4343	1.4563	1.4745	1.4918	1.5042	1.5143	1.519	1.5245
499	"Montenegro"	1.3361	1.1669	1.0411	0.9526	0.8954	0.877	0.876	0.9085	0.951	1.0039	1.0417	1.0821	1.1146	1.1516	1.1775	1.203	1.2239
504	"Morocco"	2.0458	1.7991	1.6183	1.4617	1.3385	1.2377	1.1503	1.0931	1.0519	1.0264	1.0172	1.0145	1.0343	1.0546	1.0747	1.102	1.1276
508	"Mozambique"	4.719	4.1521	3.5978	3.0546	2.5828	2.2081	1.9589	1.7809	1.6468	1.5371	1.4618	1.3885	1.337	1.2898	1.2627	1.2353	1.214
104	"Myanmar"	1.8227	1.605	1.4416	1.3084	1.1952	1.1071	1.0481	0.9986	0.972	0.9587	0.9651	0.9826	1.0049	1.0317	1.0599	1.093	1.1255
516	"Namibia"	2.871	2.5079	2.2424	2.0252	1.85	1.7074	1.5708	1.454	1.3558	1.2753	1.2114	1.1553	1.1181	1.0909	1.0747	1.0634	1.0575
524	"Nepal"	1.5934	1.3564	1.2075	1.0959	1.0081	0.9512	0.906	0.8848	0.8771	0.8899	0.9153	0.9398	0.9761	1.016	1.0583	1.0886	1.1262
528	"Netherlands"	1.5813	1.5402	1.5173	1.4994	1.4903	1.4821	1.4759	1.4709	1.4645	1.4637	1.4635	1.4602	1.4588	1.4574	1.4533	1.4531	1.4533
540	"New Caledonia"	1.7833	1.5808	1.4334	1.3073	1.2071	1.1339	1.0867	1.0553	1.0394	1.0447	1.0671	1.0925	1.1196	1.15	1.1828	1.215	1.2383
554	"New Zealand"	1.6346	1.4547	1.3195	1.2107	1.1353	1.0806	1.042	1.0312	1.0261	1.0411	1.07	1.0884	1.1136	1.1428	1.1675	1.1904	1.2126
558	"Nicaragua"	1.7892	1.548	1.3742	1.2349	1.1184	1.0314	0.9668	0.9301	0.9099	0.9054	0.9105	0.9336	0.9618	0.9981	1.0413	1.0733	1.1126
562	"Niger"	6.8099	6.1567	5.4293	4.6964	3.9919	3.3598	2.8443	2.4601	2.1626	1.9496	1.7907	1.6576	1.5554	1.4744	1.3952	1.3425	1.2876
566	"Nigeria"	5.0043	4.378	3.7354	3.1034	2.5595	2.1818	1.9273	1.7552	1.6258	1.5263	1.4432	1.3824	1.3314	1.2912	1.2591	1.241	1.2221
578	"Norway"	1.6597	1.6093	1.5813	1.5628	1.5486	1.5379	1.5297	1.5212	1.5152	1.5098	1.5077	1.5011	1.4983	1.4983	1.4954	1.4932	1.4872
512	"Oman"	2.1368	1.7958	1.5406	1.3367	1.1661	1.0288	0.933	0.8688	0.839	0.8216	0.8253	0.8595	0.9153	0.9731	1.0392	1.0984	1.1478
586	"Pakistan"	2.9094	2.4817	2.1671	1.9403	1.7616	1.6191	1.5007	1.4023	1.3139	1.2339	1.1749	1.1222	1.0836	1.0563	1.0436	1.042	1.0384
591	"Panama"	2.0946	1.8679	1.6987	1.5568	1.4411	1.3548	1.2816	1.2209	1.1779	1.1405	1.1214	1.1152	1.114	1.1218	1.1345	1.1505	1.1737
598	"Papua New Guinea"	3.1407	2.7575	2.4598	2.2194	2.0288	1.8801	1.7497	1.647	1.5564	1.4752	1.4181	1.3639	1.3161	1.2754	1.2376	1.2071	1.1845
600	"Paraguay"	2.035	1.7804	1.604	1.4663	1.354	1.2696	1.19	1.1335	1.0863	1.061	1.0294	1.0175	1.0188	1.0227	1.0256	1.0436	1.0508
604	"Peru"	1.9866	1.7383	1.5541	1.4016	1.2751	1.1708	1.088	1.0238	0.9748	0.9472	0.9374	0.9426	0.945	0.9657	0.9818	1.0168	1.0483
608	"Philippines"	2.4735	2.1953	1.9736	1.8058	1.6615	1.5401	1.438	1.3527	1.2723	1.2078	1.1546	1.1147	1.0872	1.0663	1.0534	1.0461	1.0518
616	"Poland"	0.9912	0.848	0.7596	0.7085	0.7007	0.7235	0.7848	0.8602	0.9277	0.9785	1.0152	1.0462	1.0711	1.0955	1.1103	1.1335	1.154
620	"Portugal"	0.941	0.8074	0.7216	0.6794	0.6787	0.7137	0.7914	0.8638	0.9277	0.9728	1.0102	1.0413	1.0615	1.084	1.1047	1.1196	1.1305
630	"Puerto Rico"	1.1627	0.9998	0.8843	0.8177	0.7774	0.7758	0.801	0.8478	0.9053	0.9579	1.0002	1.0386	1.0734	1.105	1.1283	1.1526	1.1705
634	"Qatar"	1.5239	1.3141	1.1533	1.0289	0.9327	0.869	0.8267	0.8103	0.8122	0.8313	0.8572	0.8895	0.9286	0.9786	1.0184	1.0603	1.0992
410	"Republic of Korea"	1.1073	1.0685	1.0479	1.0533	1.0672	1.0794	1.096	1.1172	1.1318	1.1487	1.1612	1.1719	1.1843	1.1892	1.1953	1.2076	1.2151
498	"Republic of Moldova"	0.9344	0.7998	0.7169	0.6786	0.6826	0.7213	0.7975	0.8711	0.9368	0.9795	1.0171	1.0446	1.0681	1.0843	1.1009	1.1192	1.1291
638	"Reunion"	1.9084	1.6845	1.5133	1.3736	1.2699	1.1873	1.1236	1.0859	1.0734	1.0848	1.1121	1.1461	1.1819	1.2318	1.2702	1.2989	1.3295
642	"Romania"	1.3632	1.3395	1.3261	1.322	1.3176	1.3146	1.3118	1.3137	1.3092	1.3081	1.3087	1.3086	1.3124	1.3153	1.3136	1.3119	1.3193
643	"Russian Federation"	1.576	1.5591	1.5539	1.5547	1.5581	1.5566	1.5598	1.5624	1.5653	1.5673	1.5664	1.5656	1.5665	1.5683	1.5681	1.5674	1.5692
646	"Rwanda"	3.3201	2.8416	2.4869	2.2058	1.9694	1.7617	1.5786	1.4207	1.2836	1.1628	1.0653	0.9871	0.9343	0.8985	0.8769	0.8682	0.8715
662	"Saint Lucia"	1.1245	0.9628	0.8478	0.7808	0.7412	0.7342	0.7542	0.7981	0.8519	0.9074	0.9603	1.0025	1.0445	1.0759	1.1027	1.1271	1.145
670	"Saint Vincent and the Grenadines"	1.5588	1.3486	1.182	1.0558	0.9608	0.8947	0.8562	0.8383	0.8517	0.8768	0.9143	0.9564	1.0026	1.0477	1.0859	1.1124	1.1546
882	"Samoa"	3.4463	3.0583	2.7568	2.5125	2.3042	2.1281	1.9763	1.8519	1.7385	1.6356	1.5402	1.4585	1.3886	1.3262	1.2702	1.2235	1.1883
678	"Sao Tome and Principe"	3.9063	3.4166	2.9976	2.6544	2.3735	2.1483	1.9771	1.842	1.7325	1.6375	1.5563	1.4878	1.4346	1.3864	1.3417	1.306	1.2731
682	"Saudi Arabia"	2.0505	1.7632	1.5443	1.3771	1.2388	1.1256	1.0318	0.9624	0.9193	0.8889	0.8643	0.8673	0.8773	0.9033	0.9364	0.9734	1.0178
686	"Senegal"	4.2019	3.698	3.273	2.9308	2.6348	2.3913	2.1837	2.022	1.896	1.7757	1.6711	1.5946	1.5151	1.4422	1.3835	1.3312	1.2894
688	"Serbia"	1.3585	1.2366	1.1362	1.0759	1.0518	1.0621	1.0854	1.1141	1.1453	1.1694	1.2003	1.2188	1.2446	1.264	1.2812	1.2948	1.3047
690	"Seychelles"	1.8886	1.663	1.4987	1.3661	1.2542	1.1653	1.1026	1.069	1.0463	1.041	1.0572	1.0898	1.124	1.1712	1.2142	1.2493	1.2875
694	"Sierra Leone"	3.776	2.9809	2.4006	2.0197	1.7813	1.6181	1.4922	1.3923	1.3074	1.2408	1.179	1.1366	1.1051	1.0802	1.0585	1.0479	1.0423
702	"Singapore"	1.0895	1.0441	1.0097	0.9851	0.9606	0.9397	0.9249	0.9091	0.8971	0.8877	0.8726	0.8563	0.8481	0.8389	0.8293	0.8226	0.8106
703	"Slovakia"	1.2837	1.2683	1.2604	1.2594	1.2618	1.2661	1.2647	1.266	1.2691	1.2754	1.2819	1.283	1.2843	1.2874	1.2871	1.2921	1.2947
705	"Slovenia"	1.4583	1.4397	1.4352	1.4313	1.4311	1.4353	1.4344	1.4342	1.4337	1.4362	1.4402	1.4407	1.4421	1.4423	1.4389	1.4429	1.4413
90	"Solomon Islands"	3.3041	2.8876	2.5524	2.3036	2.0974	1.9305	1.792	1.6704	1.5782	1.4806	1.4075	1.3369	1.2707	1.2217	1.1824	1.1486	1.1199
706	"Somalia"	5.6582	4.7844	3.9663	3.2512	2.722	2.3513	2.0972	1.9049	1.7634	1.6481	1.5632	1.4899	1.4258	1.3701	1.3192	1.2796	1.2537
710	"South Africa"	2.0382	1.8042	1.6353	1.4943	1.3831	1.2801	1.2014	1.1422	1.1058	1.0753	1.0571	1.0525	1.0574	1.066	1.0729	1.096	1.112
728	"South Sudan"	4.263	3.6153	3.0497	2.6085	2.2719	2.0362	1.8551	1.713	1.5986	1.5144	1.4351	1.3739	1.3219	1.2788	1.2418	1.2129	1.1758
724	"Spain"	1.215	1.1933	1.1831	1.1789	1.1757	1.1774	1.176	1.1779	1.1801	1.1794	1.1803	1.1867	1.1893	1.192	1.1892	1.1911	1.1915
144	"Sri Lanka"	1.683	1.4939	1.3492	1.2358	1.1464	1.083	1.041	1.0174	1.013	1.0229	1.0467	1.0676	1.0929	1.1266	1.1562	1.1778	1.2093
275	"State of Palestine"	3.4187	2.9069	2.5024	2.1961	1.9678	1.7991	1.6712	1.5674	1.4767	1.4003	1.3375	1.2854	1.2388	1.1994	1.1628	1.1455	1.129
729	"Sudan"	3.9784	3.4846	3.078	2.724	2.4365	2.211	2.0323	1.8847	1.7589	1.6613	1.5797	1.5094	1.4416	1.3907	1.3502	1.3119	1.2778
740	"Suriname"	1.9729	1.7395	1.5639	1.4241	1.3053	1.2072	1.1336	1.0809	1.0406	1.0215	1.0129	1.0167	1.031	1.0498	1.073	1.1037	1.1379
748	"Swaziland"	2.5629	2.1871	1.9267	1.7343	1.5842	1.4512	1.3431	1.2485	1.1744	1.105	1.06	1.022	1.0001	0.99	0.9842	0.9876	1.0043
752	"Sweden"	1.7363	1.6858	1.6566	1.6358	1.6251	1.6138	1.6046	1.598	1.5939	1.5873	1.5822	1.5796	1.5736	1.5736	1.5767	1.5734	1.5675
756	"Switzerland"	1.3826	1.3407	1.3169	1.2992	1.2878	1.2765	1.2694	1.2614	1.26	1.2524	1.2478	1.2446	1.2428	1.2409	1.2364	1.2369	1.2319
760	"Syrian Arab Republic"	2.4279	2.1052	1.8606	1.6566	1.4882	1.3433	1.2254	1.124	1.0399	0.9805	0.9376	0.9166	0.9065	0.9103	0.9194	0.9418	0.9743
762	"Tajikistan"	2.8507	2.5234	2.2814	2.0847	1.9223	1.7793	1.6513	1.5458	1.4514	1.3704	1.2998	1.2435	1.1894	1.1521	1.1154	1.1024	1.0936
807	"TFYR Macedonia"	1.2851	1.171	1.0875	1.0425	1.0282	1.03	1.053	1.083	1.1129	1.1459	1.1729	1.199	1.2231	1.2444	1.2594	1.2734	1.2836
764	"Thailand"	1.1394	0.9597	0.8438	0.7724	0.7304	0.7217	0.7566	0.8155	0.8853	0.9523	1.008	1.0602	1.0927	1.1245	1.1506	1.1673	1.1866
626	"Timor-Leste"	4.8296	3.949	3.175	2.5912	2.1854	1.9159	1.7422	1.6031	1.4922	1.4031	1.3364	1.2758	1.2187	1.1733	1.1342	1.1061	1.0832
768	"Togo"	3.8891	3.3962	2.9874	2.647	2.3829	2.1697	2.0004	1.8526	1.7388	1.637	1.5539	1.4804	1.4144	1.3543	1.2995	1.2546	1.2177
776	"Tonga"	3.1367	2.8106	2.5483	2.3337	2.1592	2.0027	1.8653	1.7547	1.6461	1.5543	1.4722	1.4048	1.3522	1.3058	1.2684	1.2295	1.1979
780	"Trinidad and Tobago"	1.4025	1.2267	1.1039	1.0083	0.9446	0.911	0.8935	0.9108	0.9369	0.9799	1.0229	1.0626	1.099	1.1322	1.1606	1.1887	1.2206
788	"Tunisia"	1.7541	1.5471	1.3883	1.2669	1.1728	1.1034	1.0703	1.0464	1.0458	1.0636	1.0945	1.132	1.183	1.2278	1.2675	1.3016	1.3354
792	"Turkey"	1.6815	1.4833	1.3304	1.2096	1.1137	1.0442	0.9934	0.9583	0.9462	0.9479	0.9561	0.9766	0.9993	1.0277	1.0609	1.0875	1.1211
795	"Turkmenistan"	2.3747	2.1037	1.9051	1.7365	1.599	1.4844	1.3872	1.3041	1.2372	1.1877	1.1486	1.1232	1.1094	1.1031	1.1035	1.1112	1.1286
800	"Uganda"	4.9874	4.1966	3.4821	2.9019	2.4628	2.1572	1.94	1.7854	1.6484	1.5424	1.4636	1.3949	1.3382	1.2887	1.2482	1.2128	1.191
804	"Ukraine"	1.3788	1.3607	1.3527	1.3544	1.3606	1.363	1.3645	1.3664	1.3667	1.3704	1.3745	1.3769	1.3787	1.3781	1.3802	1.3831	1.3845
784	"United Arab Emirates"	1.38	1.1941	1.0601	0.9566	0.8925	0.8474	0.8326	0.8322	0.8559	0.8873	0.9324	0.9726	1.0179	1.0575	1.0987	1.1307	1.1564
826	"United Kingdom"	1.7006	1.6463	1.6112	1.5906	1.5709	1.5578	1.5487	1.5405	1.5324	1.5271	1.525	1.5178	1.5152	1.5151	1.508	1.5057	1.507
834	"United Republic of Tanzania"	4.4883	3.9611	3.4754	3.0411	2.6468	2.3426	2.1142	1.9526	1.8233	1.7145	1.633	1.5623	1.5044	1.4478	1.4017	1.3715	1.3336
840	"United States of America"	1.7156	1.6694	1.6396	1.6161	1.6041	1.5907	1.5803	1.5717	1.567	1.5639	1.5589	1.5528	1.5461	1.5442	1.5372	1.5365	1.5327
850	"United States Virgin Islands"	1.8278	1.6163	1.4574	1.3364	1.2378	1.1664	1.1113	1.0766	1.0676	1.0715	1.093	1.1283	1.1599	1.1937	1.2298	1.2635	1.2952
858	"Uruguay"	1.6421	1.466	1.3287	1.222	1.1479	1.0947	1.0617	1.0476	1.0519	1.076	1.0911	1.1126	1.1425	1.1637	1.1832	1.2091	1.2308
860	"Uzbekistan"	1.8727	1.6499	1.4796	1.3394	1.2284	1.1433	1.0756	1.0213	0.9911	0.9837	0.9759	0.9838	1.0009	1.0263	1.0503	1.0845	1.1119
548	"Vanuatu"	2.7828	2.4505	2.1929	2.0005	1.8481	1.7093	1.6001	1.5109	1.4266	1.3632	1.3081	1.2575	1.2097	1.1774	1.1473	1.1277	1.1124
862	"Venezuela (Bolivarian Republic of)"	1.92	1.697	1.5201	1.3789	1.2573	1.1613	1.0874	1.0367	0.9973	0.9804	0.9727	0.9799	0.998	1.017	1.0424	1.0742	1.104
704	"Viet Nam"	1.7721	1.6993	1.6511	1.6171	1.5935	1.5756	1.557	1.5425	1.5335	1.5263	1.5179	1.5089	1.5049	1.4997	1.4919	1.4904	1.4862
732	"Western Sahara"	2.0388	1.7722	1.5731	1.4075	1.2744	1.1637	1.0752	1.0083	0.9579	0.9283	0.9205	0.9255	0.9427	0.9661	1.0039	1.0508	1.0896
887	"Yemen"	3.3619	2.8084	2.4059	2.097	1.8328	1.6068	1.4137	1.2486	1.1035	0.9881	0.9132	0.8575	0.8182	0.7954	0.7844	0.7982	0.8147
894	"Zambia"	4.4647	3.9778	3.558	3.1937	2.8609	2.588	2.3718	2.1775	2.0331	1.9032	1.8028	1.7205	1.647	1.5831	1.5279	1.4785	1.4243
716	"Zimbabwe"	3.1722	2.7543	2.4438	2.2008	1.9847	1.8065	1.6485	1.5158	1.398	1.2968	1.2201	1.1546	1.0998	1.0639	1.0471	1.0381	1.0331
